RLG_AatlCC7277As_Ava_chr1A-026321_TSD	0.871	-0.0127137255227163	-0.0452662582367289
RLG_AatlCC7277As_Ava_chr1A-074205_TSD	0.949	-0.0075726491282645	-0.0453248318592768
RLG_AatlCC7277As_Ava_chr1A-074213_TSD	1.329	-0.0066628026377784	-0.0436012360034821
RLG_AatlCC7277As_Ava_chr1A-176653_TSD	1.178	-0.0177255427525237	-0.0455517288169187
RLG_AatlCC7277As_Ava_chr1A-225036_TSD	1.497	-0.0187155173218021	-0.0428502715906418
RLG_AatlCC7277As_Ava_chr1A-230874_TSD	1.194	-0.0149068884964386	-0.0458934290374361
RLG_AatlCC7277As_Ava_chr1A-234038_TSD	1.301	-0.0170576198726313	-0.0390308577303579
RLG_AatlCC7277As_Ava_chr1A-234307_TSD	1.178	-0.0161365878085719	-0.0418110436835945
RLG_AatlCC7277As_Ava_chr1A-234324_TSD	1.478	-0.0137920665441055	-0.0504711605350279
RLG_AatlCC7277As_Ava_chr1A-244863_TSD	1.569	-0.0186306811173819	-0.0426002441287006
RLG_AatlCC7277As_Ava_chr1A-314505_TSD	1.541	-0.0191869020411521	-0.0393933225311092
RLG_AatlCC7277As_Ava_chr1A-424820_TSD	0.74	-0.0182829341991359	-0.0441796108532739
RLG_AatlCC7277As_Ava_chr2A-077993_TSD	1.127	-0.00933518186976555	-0.0463108166265298
RLG_AatlCC7277As_Ava_chr2A-184085_TSD	1.76	-0.0199077876075971	-0.0421151903597711
RLG_AatlCC7277As_Ava_chr2A-206481_TSD	1.475	-0.0076765638646899	-0.0430301526178208
RLG_AatlCC7277As_Ava_chr2A-210082_TSD	1.247	-0.0171139968783832	-0.0525418739411252
RLG_AatlCC7277As_Ava_chr3A-226323_TSD	2.259	-0.0154258034215727	-0.0510813167721414
RLG_AatlCC7277As_Ava_chr3A-255055_TSD	1.606	-0.0115765546119383	-0.0476632232553575
RLG_AatlCC7277As_Ava_chr3A-255958_TSD	1.588	-0.00781546915660285	-0.0449194093701892
RLG_AatlCC7277As_Ava_chr3A-256390_TSD	1.365	-0.0106358428258573	-0.0457305548844267
RLG_AatlCC7277As_Ava_chr3A-256907_TSD	1.581	-0.0116375891018286	-0.0439378828891271
RLG_AatlCC7277As_Ava_chr3A-263389_TSD	1.318	-0.0154441860072435	-0.0557463532555614
RLG_AatlCC7277As_Ava_chr4A-176021_TSD	1.905	-0.0182068231200077	-0.0429390729132403
RLG_AatlCC7277As_Ava_chr4A-197848_TSD	2.065	-0.0118740607587338	-0.0440626953171414
RLG_AatlCC7277As_Ava_chr4A-197891_TSD	1.216	-0.0162286391777485	-0.0477919275759817
RLG_AatlCC7277As_Ava_chr4A-207717_TSD	1.19	-0.0157792340966484	-0.0506745183866293
RLG_AatlCC7277As_Ava_chr4A-354450_TSD	1.275	-0.0160110190947261	-0.0470525115682101
RLG_AatlCC7277As_Ava_chr5A-060485_TSD	1.201	-0.016758664305449	-0.0488740493289206
RLG_AatlCC7277As_Ava_chr5A-109762_TSD	1.374	-0.017323576169557	-0.0504987312556954
RLG_AatlCC7277As_Ava_chr5A-271328_TSD	1.304	-0.0133623573057557	-0.0490297574092108
RLG_AatlCC7277As_Ava_chr5A-274439_TSD	1.844	-0.0147972746153166	-0.0415234511086126
RLG_AatlCC7277As_Ava_chr5A-275006_TSD	1.661	-0.0132838856732706	-0.0456984161802766
RLG_AatlCC7277As_Ava_chr5A-280994_TSD	1.555	-0.0127730107272398	-0.0510365729152506
RLG_AatlCC7277As_Ava_chr5A-315586_TSD	1.334	-0.0152558696460332	-0.0480429952956614
RLG_AatlCC7277As_Ava_chr5A-318260_TSD	1.978	-0.0136008827185135	-0.0519812780657989
RLG_AatlCC7277As_Ava_chr6A-082987_TSD	1.683	-0.0163662673049214	-0.0434466742148578
RLG_AatlCC7277As_Ava_chr6A-093257_TSD	1.632	-0.0174490045801296	-0.050565684738868
RLG_AatlCC7277As_Ava_chr6A-095125_TSD	1.354	-0.0168063266007716	-0.0499634295241148
RLG_AatlCC7277As_Ava_chr6A-095800_TSD	1.138	-0.00920696381196134	-0.0462722321402889
RLG_AatlCC7277As_Ava_chr6A-100290_TSD	2.015	-0.0199977554313983	-0.0390926370917145
RLG_AatlCC7277As_Ava_chr6A-111785_TSD	1.735	-0.0203476333181279	-0.0382718922380492
RLG_AatlCC7277As_Ava_chr6A-112525_TSD	1.477	-0.0212460090791546	-0.0382596061075026
RLG_AatlCC7277As_Ava_chr7A-237138_TSD	1.652	-0.0132803880409476	-0.0454064312160381
RLG_AatlCC7277As_Ava_chr7A-237170_TSD	1.808	-0.0142491239242805	-0.0485045057900673
RLG_AatlCC7277As_Ava_chr7A-295552_TSD	1.65	-0.0157299836193974	-0.0490676505915851
RLG_AatlCC7277As_Ava_chr7A-299600_TSD	1.389	-0.0173508521422158	-0.0378546348917718
RLG_AatlCC7277As_Ava_chr7A-331553_TSD	0.866	-0.0118870409312516	-0.0501113723248216
RLG_AinsBYU209_Ava_chr1C-030536_TSD	0.835	-0.0113188388403602	-0.0448249142863242
RLG_AinsBYU209_Ava_chr1D-081043_TSD	0.654	-0.0147741028054067	-0.0460465678823411
RLG_AinsBYU209_Ava_chr1D-107393_TSD	1.12	-0.0189038793338833	-0.0433711727820345
RLG_AinsBYU209_Ava_chr1D-137544_TSD	1.083	-0.0176871314465052	-0.0440051334714403
RLG_AinsBYU209_Ava_chr1D-139755_TSD	2.074	-0.0186806633066807	-0.0390233024748483
RLG_AinsBYU209_Ava_chr1D-141882_TSD	1.162	-0.0175590160662758	-0.0419512884891812
RLG_AinsBYU209_Ava_chr1D-143824_TSD	1.937	-0.0201306453596404	-0.0441650716242537
RLG_AinsBYU209_Ava_chr1D-145739_TSD	1.4	-0.0132000433445185	-0.0439883143648511
RLG_AinsBYU209_Ava_chr1D-235972_TSD	0.956	-0.00795617604267331	-0.0393449481680073
RLG_AinsBYU209_Ava_chr1D-327514_TSD	1.383	-0.0148223411302304	-0.0514703933810178
RLG_AinsBYU209_Ava_chr1D-329184_TSD	0.777	-0.0179300064528448	-0.0459737747531841
RLG_AinsBYU209_Ava_chr2D-165811_TSD	1.297	-0.00747695765302582	-0.0438533819070997
RLG_AinsBYU209_Ava_chr2D-175664_TSD	1.426	-0.016204227290091	-0.0535688480138971
RLG_AinsBYU209_Ava_chr2D-178507_TSD	0.874	-0.0159423487428972	-0.0442526215918098
RLG_AinsBYU209_Ava_chr2D-180103_TSD	1.09	-0.0152790031201254	-0.0543741025147721
RLG_AinsBYU209_Ava_chr2D-349615_TSD	1.353	-0.0147339519133105	-0.0390975244397114
RLG_AinsBYU209_Ava_chr3D-196206_TSD	1.069	-0.0112711076061079	-0.0482810322001424
RLG_AinsBYU209_Ava_chr3D-198727_TSD	1.898	-0.0210163256859793	-0.040294342098961
RLG_AinsBYU209_Ava_chr3D-206619_TSD	1.195	-0.0170749106385943	-0.0416472210585459
RLG_AinsBYU209_Ava_chr3D-209846_TSD	1.232	-0.00907170881398308	-0.0443134893246334
RLG_AinsBYU209_Ava_chr4D-132815_TSD	1.943	-0.018424737232321	-0.045109920183005
RLG_AinsBYU209_Ava_chr4D-133612_TSD	1.091	-0.0184932192043191	-0.0407144869129374
RLG_AinsBYU209_Ava_chr4D-161132_TSD	0.992	-0.01523249878181	-0.0482605207865577
RLG_AinsBYU209_Ava_chr4D-163518_TSD	1.466	-0.0164245871108416	-0.0513691369785873
RLG_AinsBYU209_Ava_chr4D-385586_TSD	1.698	-0.0154411113934919	-0.0540501623093202
RLG_AinsBYU209_Ava_chr5D-167358_TSD	1.211	-0.0130889672887245	-0.0510420214439335
RLG_AinsBYU209_Ava_chr5D-167509_TSD	1.574	-0.0135622450371842	-0.0487404637205218
RLG_AinsBYU209_Ava_chr5D-167708_TSD	1.773	-0.009322703099079	-0.0446893199263173
RLG_AinsBYU209_Ava_chr5D-169074_TSD	1.484	-0.0127538476051388	-0.051329692213185
RLG_AinsBYU209_Ava_chr5D-169632_TSD	1.13	-0.0143367811370437	-0.0453404092283768
RLG_AinsBYU209_Ava_chr5D-179149_TSD	1.051	-0.0152525142911607	-0.0496415462627464
RLG_AinsBYU209_Ava_chr5D-186049_TSD	1.032	-0.0120720436135861	-0.0517394066676257
RLG_AinsBYU209_Ava_chr5D-190407_TSD	1.535	-0.0127145778966776	-0.0498421201345819
RLG_AinsBYU209_Ava_chr6D-145854_TSD	0.831	-0.0148476740993376	-0.0477412612949486
RLG_AinsBYU209_Ava_chr6D-162709_TSD	1.213	-0.0190029128383115	-0.0411483844809077
RLG_AinsBYU209_Ava_chr6D-197643_TSD	1.442	-0.019754300698066	-0.0386741597993594
RLG_AinsBYU209_Ava_chr6D-216338_TSD	1.504	-0.0151164724711585	-0.0481892841362088
RLG_AinsBYU209_Ava_chr6D-221925_TSD	1.685	-0.0134216777138983	-0.042569174961595
RLG_AinsBYU209_Ava_chr6D-222733_TSD	1.34	-0.00826919132839318	-0.046227614335255
RLG_AinsBYU209_Ava_chr6D-222860_TSD	1.398	-0.0170200554060388	-0.0429736651396354
RLG_AinsBYU209_Ava_chr6D-238412_TSD	1.349	-0.0195333591753385	-0.0401353903062449
RLG_AinsBYU209_Ava_chr7D-193666_TSD	1.395	-0.0136487508746494	-0.0483878549542649
RLG_AinsBYU209_Ava_chr7D-193774_TSD	1.49	-0.013117847298455	-0.0495522997740257
RLG_AinsBYU209_Ava_chr7D-243432_TSD	0.89	-0.0156669997724146	-0.0535763500263016
RLG_AinsBYU209_Ava_chr7D-262125_TSD	0.984	-0.00904899582904014	-0.0461993845619016
RLG_AinsBYU209_Ava_chr7D-269362_TSD	1.09	-0.0171688608772195	-0.0409780992450547
RLG_AinsBYU209_Ava_chr7D-269641_TSD	0.589	-0.0136327058409788	-0.0508111607160816
RLG_AinsBYU209_Ava_chr7D-276782_TSD	1.049	-0.0106792461948791	-0.0490820851153153
RLG_AinsBYU209_Ava_chr7D-307156_TSD	1.484	-0.011883630818813	-0.0445389331564615
RLG_AlonCN58138Al_Ava_chr1A-021121_TSD	0.789	-0.0139896220120489	-0.0482439183156607
RLG_AlonCN58138Al_Ava_chr1A-180825_TSD	1.54	-0.0174167894522751	-0.0454025799200092
RLG_AlonCN58138Al_Ava_chr1A-242960_TSD	1.774	-0.0161224701222776	-0.0407525365855784
RLG_AlonCN58138Al_Ava_chr1A-242977_TSD	1.569	-0.0135157310619226	-0.0511529155017323
RLG_AlonCN58138Al_Ava_chr1A-246277_TSD	1.478	-0.0187146804131221	-0.0430935130401517
RLG_AlonCN58138Al_Ava_chr1A-372379_TSD	1.194	-0.0187787208040566	-0.0378784423055003
RLG_AlonCN58138Al_Ava_chr1A-434316_TSD	1.254	-0.0102736077702934	-0.041448736700457
RLG_AlonCN58138Al_Ava_chr2A-300411_TSD	0.669	-0.00869013631334091	-0.0402587565814794
RLG_AlonCN58138Al_Ava_chr2A-457091_TSD	1.131	-0.0128018480283351	-0.0490939833912429
RLG_AlonCN58138Al_Ava_chr3A-000918_TSD	1.316	-0.0195564366206494	-0.0387451143679105
RLG_AlonCN58138Al_Ava_chr3A-259854_TSD	1.26	-0.0118776249231824	-0.0458926144494244
RLG_AlonCN58138Al_Ava_chr3A-260554_TSD	0.843	-0.010414123122273	-0.048046043884999
RLG_AlonCN58138Al_Ava_chr3A-442307_TSD	0.87	-0.0142458666655335	-0.0431782596308777
RLG_AlonCN58138Al_Ava_chr4A-133361_TSD	1.569	-0.0158289225553485	-0.0515860630279695
RLG_AlonCN58138Al_Ava_chr4A-137072_TSD	1.962	-0.0188902601074599	-0.0449646959045009
RLG_AlonCN58138Al_Ava_chr4A-147869_TSD	1.68	-0.0157551382430724	-0.0498664585613198
RLG_AlonCN58138Al_Ava_chr4A-162063_TSD	1.678	-0.0165189686069314	-0.0482182104930201
RLG_AlonCN58138Al_Ava_chr4A-163309_TSD	1.14	-0.00910392814633035	-0.0420313512595577
RLG_AlonCN58138Al_Ava_chr4A-171790_TSD	1.287	-0.0161122770275012	-0.0554588285259231
RLG_AlonCN58138Al_Ava_chr4A-415194_TSD	1.536	-0.0131629707543661	-0.0439061802033002
RLG_AlonCN58138Al_Ava_chr5A-117881_TSD	1.334	-0.0176831905798766	-0.0491004639506679
RLG_AlonCN58138Al_Ava_chr5A-281354_TSD	0.929	-0.0126932885115961	-0.0495993895672759
RLG_AlonCN58138Al_Ava_chr5A-285512_TSD	1.603	-0.0111041164795832	-0.0452581145145815
RLG_AlonCN58138Al_Ava_chr5A-286578_TSD	1.153	-0.0134823595984561	-0.0475468218197791
RLG_AlonCN58138Al_Ava_chr5A-287310_TSD	1.213	-0.0127193037696834	-0.0510905300915393
RLG_AlonCN58138Al_Ava_chr5A-297380_TSD	1.549	-0.0131947611853407	-0.0490342072893044
RLG_AlonCN58138Al_Ava_chr5A-301304_TSD	1.36	-0.0137400689348961	-0.0497251053886628
RLG_AlonCN58138Al_Ava_chr5A-305294_TSD	1.49	-0.0139334356277368	-0.0518236193631626
RLG_AlonCN58138Al_Ava_chr5A-328111_TSD	2.022	-0.013352788330758	-0.0522669780856932
RLG_AlonCN58138Al_Ava_chr6A-198088_TSD	1.211	-0.0198600059048508	-0.0428961313877458
RLG_AlonCN58138Al_Ava_chr6A-199456_TSD	1.475	-0.0190486528942192	-0.0380523782890078
RLG_AlonCN58138Al_Ava_chr6A-200377_TSD	1.341	-0.0163281811002393	-0.0475892683884877
RLG_AlonCN58138Al_Ava_chr6A-208863_TSD	1.474	-0.0170504239076714	-0.0486515715450213
RLG_AlonCN58138Al_Ava_chr6A-221994_TSD	1.676	-0.0191314946366945	-0.039920578270118
RLG_AlonCN58138Al_Ava_chr6A-370361_TSD	1.391	-0.00925933171910436	-0.0432140520802979
RLG_AlonCN58138Al_Ava_chr6A-405998_TSD	1.385	-0.0190763872406611	-0.0438167720879084
RLG_AlonCN58138Al_Ava_chr7A-028939_TSD	0.925	-0.0129028347274744	-0.0513075974648272
RLG_AlonCN58138Al_Ava_chr7A-318275_TSD	1.158	-0.015279705976039	-0.0503764424663258
RLG_AlonCN58138Al_Ava_chr7A-322109_TSD	1.941	-0.0143267672925642	-0.0492276873782818
RLG_AsatOT3098_Ava_chr1A-034928_TSD	1.56	-0.0063980327340651	-0.0384061303296917
RLG_AsatOT3098_Ava_chr1A-034936_TSD	1.642	-0.00576312462961112	-0.0408072592663489
RLG_AsatOT3098_Ava_chr1A-099686_TSD	1.26	-0.0180989892462445	-0.0438936494022898
RLG_AsatOT3098_Ava_chr1A-137076_TSD	1.074	-0.0190169346935078	-0.0436140504300249
RLG_AsatOT3098_Ava_chr1A-147205_TSD	1.219	-0.0182692132064712	-0.0415562933405589
RLG_AsatOT3098_Ava_chr1A-157540_TSD	1.262	-0.0172106927330484	-0.0395173014071002
RLG_AsatOT3098_Ava_chr1A-157619_TSD	1.101	-0.0138778560630387	-0.0487892925617192
RLG_AsatOT3098_Ava_chr1A-163809_TSD	0.563	-0.015784338747328	-0.0433040173808986
RLG_AsatOT3098_Ava_chr1C-003907_TSD	1.4	-0.0157350807195493	-0.0459501993076454
RLG_AsatOT3098_Ava_chr1D-078306_TSD	1.147	-0.0130922435357151	-0.0490056811610354
RLG_AsatOT3098_Ava_chr1D-107171_TSD	1.529	-0.0183398763526385	-0.0436520777337824
RLG_AsatOT3098_Ava_chr1D-140275_TSD	1.622	-0.0171904486822927	-0.0452510616285489
RLG_AsatOT3098_Ava_chr1D-142848_TSD	1.941	-0.0187967864997527	-0.0392645646440971
RLG_AsatOT3098_Ava_chr1D-144003_TSD	0.777	-0.0124406111917161	-0.0454355512469101
RLG_AsatOT3098_Ava_chr1D-145083_TSD	1.545	-0.0202825793268884	-0.0400358374687895
RLG_AsatOT3098_Ava_chr1D-145166_TSD	1.264	-0.0178483978074676	-0.0432367418937389
RLG_AsatOT3098_Ava_chr1D-149958_TSD	1.939	-0.0208388329258575	-0.0439960745256201
RLG_AsatOT3098_Ava_chr1D-151869_TSD	1.648	-0.0131538923064936	-0.0445516754911915
RLG_AsatOT3098_Ava_chr1D-171002_TSD	0.75	-0.0111726396388417	-0.0492117665638221
RLG_AsatOT3098_Ava_chr1D-343467_TSD	0.816	-0.0175581934653563	-0.0462949927256189
RLG_AsatOT3098_Ava_chr2A-129419_TSD	1.46	-0.021027704826166	-0.0402338462497872
RLG_AsatOT3098_Ava_chr2A-133027_TSD	1.44	-0.00816332911067021	-0.0447432521912992
RLG_AsatOT3098_Ava_chr2A-160350_TSD	0.852	-0.0143568408092599	-0.0536457566104627
RLG_AsatOT3098_Ava_chr2A-293050_TSD	0.951	-0.0135093848379591	-0.0510698609148525
RLG_AsatOT3098_Ava_chr2A-331911_TSD	1.179	-0.0134138506007813	-0.0469767076143219
RLG_AsatOT3098_Ava_chr2D-365653_TSD	1.513	-0.0143006895512353	-0.052617178354299
RLG_AsatOT3098_Ava_chr2D-371456_TSD	0.752	-0.0162289371980533	-0.0431788833058789
RLG_AsatOT3098_Ava_chr2D-373006_TSD	1.15	-0.0157572646674867	-0.0530814198863818
RLG_AsatOT3098_Ava_chr3A-088609_TSD	1.917	-0.0183195554530264	-0.0415045652694527
RLG_AsatOT3098_Ava_chr3A-112850_TSD	0.516	-0.0147100437207886	-0.0564012917396487
RLG_AsatOT3098_Ava_chr3A-204634_TSD	1.809	-0.0147051258994838	-0.0539471990631579
RLG_AsatOT3098_Ava_chr3A-232739_TSD	1.25	-0.0112449075640389	-0.0470505461144444
RLG_AsatOT3098_Ava_chr3A-232842_TSD	1.174	-0.0110197716003303	-0.0466424086352078
RLG_AsatOT3098_Ava_chr3D-040028_TSD	2.067	-0.0194939629715253	-0.0398905716326095
RLG_AsatOT3098_Ava_chr3D-172900_TSD	1.626	-0.0150850546747909	-0.0510069161673006
RLG_AsatOT3098_Ava_chr3D-200520_TSD	1.068	-0.0117606763360224	-0.0485618482536522
RLG_AsatOT3098_Ava_chr3D-201564_TSD	1.645	-0.0202887691367622	-0.0406230258879116
RLG_AsatOT3098_Ava_chr3D-202583_TSD	0.871	-0.0117681656443967	-0.0444502069450428
RLG_AsatOT3098_Ava_chr3D-211842_TSD	1.128	-0.0174176245167733	-0.0419351966392942
RLG_AsatOT3098_Ava_chr3D-216771_TSD	1.533	-0.00917970346332926	-0.0448304570609482
RLG_AsatOT3098_Ava_chr3D-375881_TSD	1.257	-0.0186642830834142	-0.0456115839824054
RLG_AsatOT3098_Ava_chr4A-091890_TSD	1.294	-0.0154837807512171	-0.0532152052388919
RLG_AsatOT3098_Ava_chr4A-116341_TSD	1.571	-0.0123326632894752	-0.0458089060086681
RLG_AsatOT3098_Ava_chr4A-116910_TSD	1.172	-0.0144976412861424	-0.0480472272844588
RLG_AsatOT3098_Ava_chr4A-129203_TSD	1.529	-0.0160037079682683	-0.052872214864926
RLG_AsatOT3098_Ava_chr4A-374419_TSD	0.75	-0.0125142698526456	-0.0470748596111749
RLG_AsatOT3098_Ava_chr4D-113853_TSD	1.36	-0.0192776633876358	-0.0391561291688068
RLG_AsatOT3098_Ava_chr4D-114615_TSD	1.775	-0.018445903104819	-0.0446814818591457
RLG_AsatOT3098_Ava_chr4D-162193_TSD	1.425	-0.0164614262063321	-0.0532709259717186
RLG_AsatOT3098_Ava_chr4D-365398_TSD	1.025	-0.016743094490591	-0.0437545574901302
RLG_AsatOT3098_Ava_chr4D-380398_TSD	1.533	-0.0152818979431414	-0.0548690662995424
RLG_AsatOT3098_Ava_chr5A-062872_TSD	0.968	-0.0111778168209883	-0.0456660594735034
RLG_AsatOT3098_Ava_chr5A-137627_TSD	0.774	-0.0159711039202988	-0.0534709553334432
RLG_AsatOT3098_Ava_chr5A-211884_TSD	1.41	-0.0120537845541421	-0.0515667176137438
RLG_AsatOT3098_Ava_chr5A-212898_TSD	1.608	-0.012159338950324	-0.0470251837662166
RLG_AsatOT3098_Ava_chr5A-213466_TSD	1.318	-0.014790398863862	-0.0422604284848482
RLG_AsatOT3098_Ava_chr5A-223830_TSD	1.161	-0.0186325292778176	-0.043403257752312
RLG_AsatOT3098_Ava_chr5A-224875_TSD	1.043	-0.012885745582452	-0.0511917480224122
RLG_AsatOT3098_Ava_chr5A-225462_TSD	0.794	-0.0211893681257423	-0.0439255639403815
RLG_AsatOT3098_Ava_chr5A-229193_TSD	1.259	-0.0173081507621398	-0.0398367270174627
RLG_AsatOT3098_Ava_chr5A-229276_TSD	0.873	-0.0128416941009232	-0.0489209257901658
RLG_AsatOT3098_Ava_chr5A-238049_TSD	1.017	-0.0129804864828742	-0.0503315062542047
RLG_AsatOT3098_Ava_chr5D-030649_TSD	0.976	-0.01832163900701	-0.0489875356902313
RLG_AsatOT3098_Ava_chr5D-174977_TSD	1.575	-0.0146368631408374	-0.049008144090242
RLG_AsatOT3098_Ava_chr5D-175175_TSD	1.519	-0.00990979730629242	-0.0442393130529331
RLG_AsatOT3098_Ava_chr5D-176454_TSD	1.486	-0.0127660908873807	-0.0512820353777237
RLG_AsatOT3098_Ava_chr5D-176991_TSD	1.051	-0.014131080743629	-0.0453280528276718
RLG_AsatOT3098_Ava_chr5D-187974_TSD	1.051	-0.0153137016298705	-0.0496070259909327
RLG_AsatOT3098_Ava_chr5D-197624_TSD	1.112	-0.0119570948941314	-0.0519044111961937
RLG_AsatOT3098_Ava_chr5D-202051_TSD	1.535	-0.0129867366968479	-0.0495578829172105
RLG_AsatOT3098_Ava_chr5D-246258_TSD	1.738	-0.0137926191425515	-0.0496150866212938
RLG_AsatOT3098_Ava_chr6A-058052_TSD	1.097	-0.0126099077208633	-0.0469668594499601
RLG_AsatOT3098_Ava_chr6A-074411_TSD	1.126	-0.01044259120734	-0.047527828479045
RLG_AsatOT3098_Ava_chr6A-121241_TSD	1.456	-0.015639427254626	-0.0446193741350947
RLG_AsatOT3098_Ava_chr6A-130786_TSD	1.247	-0.0149434167693303	-0.0515821446121154
RLG_AsatOT3098_Ava_chr6A-132662_TSD	1.069	-0.0160553864797614	-0.0490192557912525
RLG_AsatOT3098_Ava_chr6A-133160_TSD	0.91	-0.00878152885133304	-0.0447669826846777
RLG_AsatOT3098_Ava_chr6A-133713_TSD	1.251	-0.0148740217701598	-0.0501829258904748
RLG_AsatOT3098_Ava_chr6A-142693_TSD	1.078	-0.0195302212020648	-0.0396384993510568
RLG_AsatOT3098_Ava_chr6A-155396_TSD	1.663	-0.0184866630089245	-0.0400298945513452
RLG_AsatOT3098_Ava_chr6A-429702_TSD	1.215	-0.0154943901205353	-0.0449952273496765
RLG_AsatOT3098_Ava_chr6D-043257_TSD	1.28	-0.0186954415018871	-0.0412595574236325
RLG_AsatOT3098_Ava_chr6D-078140_TSD	1.303	-0.019714445832696	-0.039255312595614
RLG_AsatOT3098_Ava_chr6D-096836_TSD	1.018	-0.015904400380268	-0.0496393811338676
RLG_AsatOT3098_Ava_chr6D-103957_TSD	1.643	-0.0112535897647962	-0.0487329526291661
RLG_AsatOT3098_Ava_chr6D-104744_TSD	1.091	-0.00787082031407382	-0.045982129948913
RLG_AsatOT3098_Ava_chr6D-120363_TSD	1.434	-0.0196773662213271	-0.0398312867297896
RLG_AsatOT3098_Ava_chr7A-324132_TSD	0.705	-0.0148747085816911	-0.0508578433540549
RLG_AsatOT3098_Ava_chr7A-354804_TSD	1.126	-0.0120338022480169	-0.052643308843203
RLG_AsatOT3098_Ava_chr7A-355165_TSD	0.73	-0.0188895137646376	-0.0415055193967466
RLG_AsatOT3098_Ava_chr7A-377739_TSD	1.552	-0.0124868510023052	-0.0446158482681987
RLG_AsatOT3098_Ava_chr7D-166350_TSD	1.368	-0.0124692578465173	-0.0481272056498044
RLG_AsatOT3098_Ava_chr7D-216790_TSD	1.367	-0.0155022628909809	-0.0520729664219789
RLG_AsatOT3098_Ava_chr7D-223667_TSD	1.048	-0.0126079671898112	-0.0486466320761521
RLG_AsatOT3098_Ava_chr7D-239929_TSD	0.763	-0.00845843359380847	-0.0469594036900276
RLG_AsatOT3098_Ava_chr7D-247322_TSD	0.935	-0.0182674650118579	-0.041003273480862
RLG_AsatOT3098_Ava_chr7D-247602_TSD	1.03	-0.0119491446816506	-0.0527223386843034
RLG_AsatOT3098_Ava_chr7D-254918_TSD	1.326	-0.0108257974266694	-0.0497550093004338
RLG_AsatOT3098_Ava_chr7D-285827_TSD	1.027	-0.0127252387099459	-0.045353596682479
