RLG_AatlCC7277As_Ava_chr1A-173116_TSD	0.968	0.0213210155237549	0.00445029415473386
RLG_AatlCC7277As_Ava_chr1A-186388_TSD	1.479	0.0159073860347393	-0.00386517058891896
RLG_AatlCC7277As_Ava_chr1A-225568_TSD	1.155	0.0164463054634453	0.00472915029914099
RLG_AatlCC7277As_Ava_chr1A-230403_TSD	1.141	0.0176544950190443	0.0045796916479387
RLG_AatlCC7277As_Ava_chr2A-064933_TSD	0.584	0.0203719870851876	0.00195508853055151
RLG_AatlCC7277As_Ava_chr2A-201134_TSD	0.792	0.017920560489946	-0.00521009864100609
RLG_AatlCC7277As_Ava_chr2A-202828_TSD	0.809	0.0161070079597537	0.000176274608835689
RLG_AatlCC7277As_Ava_chr2A-203762_TSD	1.229	0.0189281377788182	0.00107803337252741
RLG_AatlCC7277As_Ava_chr2A-207229_TSD	1.273	0.0184792099874695	0.000481918151287914
RLG_AatlCC7277As_Ava_chr2A-214330_TSD	1.26	0.0159397121140431	0.00132855080049372
RLG_AatlCC7277As_Ava_chr2A-262669_TSD	1.439	0.0200468176763372	0.00973143934145104
RLG_AatlCC7277As_Ava_chr2A-272382_TSD	1.06	0.0194835853044714	0.0122068904886534
RLG_AatlCC7277As_Ava_chr2A-275165_TSD	0.929	0.0182916909106869	-0.00293692768801142
RLG_AatlCC7277As_Ava_chr2A-313009_TSD	0.689	0.0150896443809737	-0.00524810995752908
RLG_AatlCC7277As_Ava_chr2A-375940_TSD	0.767	0.019105455651094	0.00996619059997491
RLG_AatlCC7277As_Ava_chr2A-466690_TSD	0.312	0.0143364663943165	-0.00522919392029114
RLG_AatlCC7277As_Ava_chr3A-148173_TSD	0.871	0.0192304537281429	0.00158571440942061
RLG_AatlCC7277As_Ava_chr3A-271913_TSD	0.75	0.0216868597129605	0.0108050953170296
RLG_AatlCC7277As_Ava_chr3A-331606_TSD	0.746	0.0204504005945632	0.00753892081405502
RLG_AatlCC7277As_Ava_chr3A-383749_TSD	1.109	0.019494176279453	0.00490296520462635
RLG_AatlCC7277As_Ava_chr3A-484864_TSD	0.516	0.0191256269704643	0.00402863726628459
RLG_AatlCC7277As_Ava_chr4A-057341_TSD	0.749	0.0200195778577541	-0.000663336598360052
RLG_AatlCC7277As_Ava_chr4A-204397_TSD	0.829	0.0192889758460721	-0.0015369074844207
RLG_AatlCC7277As_Ava_chr4A-208968_TSD	0.511	0.0198760755115792	-6.37994497426864e-05
RLG_AatlCC7277As_Ava_chr4A-383206_TSD	0.195	0.0185328170880867	0.0130945609717004
RLG_AatlCC7277As_Ava_chr4A-443840_TSD	1.161	0.0169533905780383	-0.00252413292388863
RLG_AatlCC7277As_Ava_chr5A-113680_TSD	0.878	0.0152322082850934	-0.000862442256427478
RLG_AatlCC7277As_Ava_chr5A-167434_TSD	1.123	0.0175568693168415	0.0108355964086327
RLG_AatlCC7277As_Ava_chr5A-271209_TSD	1.129	0.0218731045358642	0.00504080391400099
RLG_AatlCC7277As_Ava_chr5A-277449_TSD	0.941	0.0180944468645575	0.00225708591453245
RLG_AatlCC7277As_Ava_chr5A-277571_TSD	0.93	0.0150865918695886	0.00507849231226377
RLG_AatlCC7277As_Ava_chr5A-277629_TSD	0.937	0.0152111743183271	-0.0059514099434618
RLG_AatlCC7277As_Ava_chr5A-297710_TSD	1.158	0.01936994985353	0.00970704011478114
RLG_AatlCC7277As_Ava_chr5A-300151_TSD	1.233	0.0184637415941613	0.0119561599931964
RLG_AatlCC7277As_Ava_chr5A-346871_TSD	0.973	0.0209713395403094	0.0105737573568722
RLG_AatlCC7277As_Ava_chr6A-053005_TSD	0.603	0.0195571574835697	0.009344163060704
RLG_AatlCC7277As_Ava_chr6A-057625_TSD	1.269	0.0163286698887862	-0.00143656181350592
RLG_AatlCC7277As_Ava_chr6A-112898_TSD	0.792	0.0240590425008951	0.0165517122411876
RLG_AatlCC7277As_Ava_chr6A-114125_TSD	0.793	0.0203213874431553	0.00767753326292311
RLG_AatlCC7277As_Ava_chr6A-114139_TSD	1.21	0.0210455148336923	0.0120808864747034
RLG_AatlCC7277As_Ava_chr6A-299361_TSD	0.63	0.0196819015465084	0.00409391284220217
RLG_AatlCC7277As_Ava_chr7A-024890_TSD	0.725	0.0179144188723253	0.00467777456602225
RLG_AatlCC7277As_Ava_chr7A-158570_TSD	1.038	0.0150128285615956	0.00102296597270911
RLG_AatlCC7277As_Ava_chr7A-180000_TSD	0.808	0.0194944858917068	0.00323226628434622
RLG_AatlCC7277As_Ava_chr7A-233556_TSD	0.914	0.0178884773813008	0.00466030994062703
RLG_AatlCC7277As_Ava_chr7A-290599_TSD	0.48	0.0199167791665367	0.0044808373267556
RLG_AatlCC7277As_Ava_chr7A-301031_TSD	1.349	0.0198621796491926	0.0107010357335281
RLG_AatlCC7277As_Ava_chr7A-301309_TSD	1.035	0.0187914591108245	0.0101866815563763
RLG_AatlCC7277As_Ava_chr7A-302290_TSD	1.1	0.0185234669542314	0.0107245028838326
RLG_AatlCC7277As_Ava_chr7A-302571_TSD	0.884	0.019790567275645	0.0043431458323262
RLG_AatlCC7277As_Ava_chr7A-302944_TSD	0.811	0.0175563270734431	0.0110851131401019
RLG_AatlCC7277As_Ava_chr7A-305551_TSD	0.575	0.0216017282864901	0.0138254036003308
RLG_AatlCC7277As_Ava_chr7A-473012_TSD	0.645	0.0183090243497383	0.0076547815598728
RLG_AatlCC7277As_Ava_chr7A-565836_TSD	0.777	0.0216725395905471	0.00794524937287915
RLG_AinsBYU209_Ava_chr1D-125886_TSD	1.012	0.0210329349338024	0.0128776122273525
RLG_AinsBYU209_Ava_chr1D-130661_TSD	0.679	0.0265511699870584	0.0245977973522315
RLG_AinsBYU209_Ava_chr1D-141101_TSD	0.587	0.0258535119479284	0.0236175766807356
RLG_AinsBYU209_Ava_chr1D-141860_TSD	0.468	0.0268448275445409	0.0236851000545187
RLG_AinsBYU209_Ava_chr1D-142253_TSD	0.412	0.025619107968359	0.02321103832442
RLG_AinsBYU209_Ava_chr1D-142581_TSD	0.35	0.0270146083129151	0.0236593850558806
RLG_AinsBYU209_Ava_chr1D-354371_TSD	0.462	0.0212127667165749	0.00250191566734148
RLG_AinsBYU209_Ava_chr1D-357050_TSD	0.638	0.0258852327033622	0.0273851899893729
RLG_AinsBYU209_Ava_chr1D-400518_TSD	0.638	0.0233275187861689	0.0261563412648898
RLG_AinsBYU209_Ava_chr1D-435456_TSD	0.59	0.0198075946625025	0.00134650558898147
RLG_AinsBYU209_Ava_chr1D-440504_TSD	0.448	0.0245652916324886	0.0236885307466894
RLG_AinsBYU209_Ava_chr1D-447851_TSD	0.357	0.0243094691137828	0.0228404293057872
RLG_AinsBYU209_Ava_chr2D-125704_TSD	0.708	0.024978119434549	0.0244768565472157
RLG_AinsBYU209_Ava_chr2D-152651_TSD	0.447	0.027042547935858	0.0255481554359335
RLG_AinsBYU209_Ava_chr2D-177387_TSD	0.513	0.0233557484195238	0.0207686385721261
RLG_AinsBYU209_Ava_chr2D-177824_TSD	2.393	0.025709617772683	0.0168841523524157
RLG_AinsBYU209_Ava_chr2D-177875_TSD	0.155	0.0249426646634211	0.0210204900991962
RLG_AinsBYU209_Ava_chr2D-177920_TSD	0.557	0.0265509481130961	0.026962468864384
RLG_AinsBYU209_Ava_chr2D-178101_TSD	1.178	0.0207203110954001	0.0125336959196477
RLG_AinsBYU209_Ava_chr2D-178213_TSD	2.254	0.021092440642383	0.0142194612196615
RLG_AinsBYU209_Ava_chr2D-178424_TSD	0.5	0.0195142225450163	0.0080236802920441
RLG_AinsBYU209_Ava_chr2D-178865_TSD	0.746	0.0246667563354294	0.0218047517421552
RLG_AinsBYU209_Ava_chr2D-178919_TSD	0.482	0.0249315985976541	0.0242890488002174
RLG_AinsBYU209_Ava_chr2D-179611_TSD	1.353	0.0216664628613385	0.016063903137829
RLG_AinsBYU209_Ava_chr2D-181407_TSD	0.55	0.0192731402894298	0.00433597324007541
RLG_AinsBYU209_Ava_chr2D-182553_TSD	0.745	0.0223423840540393	0.0101414377147618
RLG_AinsBYU209_Ava_chr2D-187822_TSD	0.617	0.0214378420015782	0.00884629000209
RLG_AinsBYU209_Ava_chr2D-304005_TSD	0.319	0.0259682464865733	0.0258738057372619
RLG_AinsBYU209_Ava_chr2D-337350_TSD	0.671	0.0213846384323508	0.00915006328329307
RLG_AinsBYU209_Ava_chr2D-339992_TSD	0.745	0.0270235021798793	0.0275853112574521
RLG_AinsBYU209_Ava_chr2D-369009_TSD	0.566	0.0228712147540484	0.0145208581131142
RLG_AinsBYU209_Ava_chr2D-385143_TSD	1.065	0.0228405981884226	0.0173561403794377
RLG_AinsBYU209_Ava_chr3D-052977_TSD	0.551	0.020416985029779	0.011561277099666
RLG_AinsBYU209_Ava_chr3D-108413_TSD	0.36	0.0201308371024648	0.00722514573369771
RLG_AinsBYU209_Ava_chr3D-199305_TSD	0.524	0.0194509686357426	0.0112164802889071
RLG_AinsBYU209_Ava_chr3D-199530_TSD	0.807	0.0185814252812279	0.00505372334760035
RLG_AinsBYU209_Ava_chr3D-199659_TSD	0.488	0.0237848958519359	0.0238006030901934
RLG_AinsBYU209_Ava_chr3D-199801_TSD	0.467	0.0248506294713107	0.0226073367619725
RLG_AinsBYU209_Ava_chr3D-200085_TSD	0.446	0.0246476645769755	0.0227868408964042
RLG_AinsBYU209_Ava_chr3D-200136_TSD	0.447	0.025266619976958	0.0220473902089518
RLG_AinsBYU209_Ava_chr3D-200164_TSD	0.59	0.0215952558269178	0.00771519825090962
RLG_AinsBYU209_Ava_chr3D-200460_TSD	0.627	0.0246399768690174	0.0259712952110601
RLG_AinsBYU209_Ava_chr3D-201184_TSD	0.438	0.0241420009746461	0.0255462989039098
RLG_AinsBYU209_Ava_chr3D-201248_TSD	0.705	0.026269051574765	0.0227300200029989
RLG_AinsBYU209_Ava_chr3D-201269_TSD	0.59	0.0238069028062833	0.0103296640807099
RLG_AinsBYU209_Ava_chr3D-201320_TSD	0.321	0.0217958863806166	0.0115872037099707
RLG_AinsBYU209_Ava_chr3D-201561_TSD	0.666	0.0254901381465362	0.0237740540147307
RLG_AinsBYU209_Ava_chr3D-201664_TSD	0.396	0.0231212609003641	0.0103974486663247
RLG_AinsBYU209_Ava_chr3D-201705_TSD	0.894	0.02286552771181	0.00569147799222667
RLG_AinsBYU209_Ava_chr3D-201773_TSD	1.429	0.022814010384793	0.0168166770204391
RLG_AinsBYU209_Ava_chr3D-201808_TSD	0.847	0.0224321090399953	0.00865082709830294
RLG_AinsBYU209_Ava_chr3D-201913_TSD	0.351	0.0257204605291609	0.0242239979147221
RLG_AinsBYU209_Ava_chr3D-203173_TSD	1.778	0.0195680700950032	0.0091877291922304
RLG_AinsBYU209_Ava_chr3D-203181_TSD	2.312	0.0213085107179407	0.0123867004849749
RLG_AinsBYU209_Ava_chr3D-203384_TSD	0.625	0.0206337386780503	0.0124686944827662
RLG_AinsBYU209_Ava_chr3D-203434_TSD	0.467	0.0242632188658052	0.0224510974744608
RLG_AinsBYU209_Ava_chr3D-203687_TSD	0.586	0.0215376146927244	0.00737480951431122
RLG_AinsBYU209_Ava_chr3D-203768_TSD	0.713	0.0209974991441899	0.0083483430796669
RLG_AinsBYU209_Ava_chr3D-206980_TSD	0.233	0.0241432524866125	0.0233486821982443
RLG_AinsBYU209_Ava_chr3D-304393_TSD	0.787	0.0202843139605389	0.006298339648455
RLG_AinsBYU209_Ava_chr3D-309829_TSD	0.554	0.0191529225146939	0.00556121742564796
RLG_AinsBYU209_Ava_chr3D-377787_TSD	0.634	0.0233685755545032	0.0170282542283979
RLG_AinsBYU209_Ava_chr4C-020456_TSD	0.447	0.0218823685816308	0.0197397991012899
RLG_AinsBYU209_Ava_chr4D-091781_TSD	0.551	0.0247742830176153	0.0111579575901143
RLG_AinsBYU209_Ava_chr4D-101575_TSD	0.589	0.0174447303344313	-0.00310059888482182
RLG_AinsBYU209_Ava_chr4D-126606_TSD	1.253	0.0154687580553327	-0.00741362480020227
RLG_AinsBYU209_Ava_chr4D-149903_TSD	1.004	0.0177243030077397	0.0151384696012903
RLG_AinsBYU209_Ava_chr4D-150001_TSD	1.099	0.0154052010984476	-7.76881715127026e-05
RLG_AinsBYU209_Ava_chr4D-154426_TSD	0.646	0.010712979803755	-0.00685828208844392
RLG_AinsBYU209_Ava_chr4D-156541_TSD	0.698	0.013183961855274	-0.00624212527759117
RLG_AinsBYU209_Ava_chr4D-157358_TSD	0.853	0.0174556685555817	0.00481118322860406
RLG_AinsBYU209_Ava_chr4D-157551_TSD	0.477	0.0197551531570436	0.0112080624783356
RLG_AinsBYU209_Ava_chr4D-158081_TSD	0.431	0.0180629937789578	-1.74119529782432e-05
RLG_AinsBYU209_Ava_chr4D-158134_TSD	0.867	0.0205729859765695	0.00270513118261875
RLG_AinsBYU209_Ava_chr4D-158362_TSD	0.767	0.0240390854986854	0.0104082125219674
RLG_AinsBYU209_Ava_chr4D-158381_TSD	0.665	0.0228376336210892	0.0151840311468224
RLG_AinsBYU209_Ava_chr4D-158455_TSD	0.238	0.0217086171122608	0.0132919204596175
RLG_AinsBYU209_Ava_chr4D-158490_TSD	0.397	0.0187416073499499	0.0132043839043601
RLG_AinsBYU209_Ava_chr4D-158616_TSD	0.744	0.0224305041307224	0.0141914053090365
RLG_AinsBYU209_Ava_chr4D-158664_TSD	0.277	0.0204806927123363	0.0153452603043429
RLG_AinsBYU209_Ava_chr4D-158911_TSD	0.477	0.02015335942625	0.0189826424773023
RLG_AinsBYU209_Ava_chr4D-158930_TSD	0.852	0.024428415591483	0.0107810191784656
RLG_AinsBYU209_Ava_chr4D-159109_TSD	0.631	0.0217873023493578	0.0155760890461749
RLG_AinsBYU209_Ava_chr4D-159150_TSD	0.397	0.0217433441168588	0.0178541183155994
RLG_AinsBYU209_Ava_chr4D-159242_TSD	1.155	0.0203809505872761	0.0116393603466736
RLG_AinsBYU209_Ava_chr4D-159503_TSD	0.626	0.0185650335548573	0.00247579234743778
RLG_AinsBYU209_Ava_chr4D-159951_TSD	0.468	0.0218477735092693	0.0140135945485151
RLG_AinsBYU209_Ava_chr4D-160115_TSD	1.037	0.013577514590021	-0.00509303319767707
RLG_AinsBYU209_Ava_chr4D-162082_TSD	0.914	0.015849153516362	-0.00189576372752137
RLG_AinsBYU209_Ava_chr4D-166875_TSD	1.014	0.0141321298895468	-0.000831953781997321
RLG_AinsBYU209_Ava_chr4D-167823_TSD	0.876	0.0200031330343181	0.004577793247824
RLG_AinsBYU209_Ava_chr4D-168595_TSD	0.686	0.0139094350400435	2.24337002635398e-05
RLG_AinsBYU209_Ava_chr4D-170461_TSD	0.898	0.014014479832693	-0.00263238310497045
RLG_AinsBYU209_Ava_chr4D-175210_TSD	0.597	0.0198142809926743	0.0155845182210889
RLG_AinsBYU209_Ava_chr4D-227209_TSD	0.413	0.0199446319702023	0.013152977851569
RLG_AinsBYU209_Ava_chr4D-291497_TSD	0.712	0.0217667040762063	0.0103767002713997
RLG_AinsBYU209_Ava_chr4D-299464_TSD	0.518	0.0263798428257508	0.0277822413460651
RLG_AinsBYU209_Ava_chr4D-368639_TSD	0.366	0.0265132739015249	0.0268542201573573
RLG_AinsBYU209_Ava_chr4D-382909_TSD	0.331	0.0259696646323837	0.0244857053468696
RLG_AinsBYU209_Ava_chr4D-408435_TSD	0.717	0.0242976596097247	0.0209175649910983
RLG_AinsBYU209_Ava_chr5D-143140_TSD	0.834	0.0208714165014913	0.00692639201595025
RLG_AinsBYU209_Ava_chr5D-179984_TSD	0.67	0.0251126932974079	0.0138149793224607
RLG_AinsBYU209_Ava_chr5D-180014_TSD	0.565	0.0228360879510039	0.0146937816095769
RLG_AinsBYU209_Ava_chr5D-181280_TSD	0.963	0.0233630438127423	0.0224764028514113
RLG_AinsBYU209_Ava_chr5D-181366_TSD	0.479	0.0251083422693953	0.0263695206575124
RLG_AinsBYU209_Ava_chr5D-182651_TSD	0.788	0.0230095735499536	0.0214485232693912
RLG_AinsBYU209_Ava_chr5D-185428_TSD	0.792	0.0221786560727119	0.00712701457614477
RLG_AinsBYU209_Ava_chr5D-185471_TSD	0.751	0.0213396088204266	0.00437758979746609
RLG_AinsBYU209_Ava_chr5D-355671_TSD	0.72	0.0231388829440451	0.0205804350680209
RLG_AinsBYU209_Ava_chr6D-102620_TSD	1.007	0.0275408233542598	0.0274206754961629
RLG_AinsBYU209_Ava_chr6D-107054_TSD	0.774	0.0193376119921409	0.00421566824089895
RLG_AinsBYU209_Ava_chr6D-148890_TSD	0.603	0.0241736057648151	0.0205686190736605
RLG_AinsBYU209_Ava_chr6D-208894_TSD	1.125	0.0264597447951149	0.0239383501796194
RLG_AinsBYU209_Ava_chr6D-216987_TSD	0.847	0.0184322583147566	0.0106612852871423
RLG_AinsBYU209_Ava_chr6D-217661_TSD	0.402	0.0224206688628738	0.00469841117959959
RLG_AinsBYU209_Ava_chr6D-217851_TSD	0.67	0.021128735688387	0.00819527007757492
RLG_AinsBYU209_Ava_chr6D-218118_TSD	0.588	0.0236545891637587	0.0224593957611191
RLG_AinsBYU209_Ava_chr6D-218250_TSD	0.578	0.021921423164384	0.00557143671463765
RLG_AinsBYU209_Ava_chr6D-218457_TSD	0.477	0.0207360758558344	0.0252271381493259
RLG_AinsBYU209_Ava_chr6D-218494_TSD	1.279	0.0251280764868329	0.0241049860855667
RLG_AinsBYU209_Ava_chr6D-218577_TSD	0.866	0.0268578645009703	0.0259859892396203
RLG_AinsBYU209_Ava_chr6D-218762_TSD	0.406	0.0256246550137986	0.0268722184777569
RLG_AinsBYU209_Ava_chr6D-218874_TSD	0.559	0.0180315707376082	0.0243516142883174
RLG_AinsBYU209_Ava_chr6D-218918_TSD	0.518	0.0232676297863839	0.0240247129034215
RLG_AinsBYU209_Ava_chr6D-218990_TSD	0.283	0.0207171678579392	0.0221166465949113
RLG_AinsBYU209_Ava_chr6D-219484_TSD	0.55	0.0204567409855015	0.00593284112736189
RLG_AinsBYU209_Ava_chr6D-219628_TSD	0.6	0.0264330773285553	0.0260140598806735
RLG_AinsBYU209_Ava_chr6D-219706_TSD	0.624	0.0235944858708474	0.0229582100087474
RLG_AinsBYU209_Ava_chr6D-219741_TSD	0.207	0.025102020082709	0.0286436050987529
RLG_AinsBYU209_Ava_chr6D-219812_TSD	0.678	0.0236322725228554	0.0228638446748054
RLG_AinsBYU209_Ava_chr6D-219834_TSD	0.633	0.0221437738389355	0.0195853205087978
RLG_AinsBYU209_Ava_chr6D-219849_TSD	0.526	0.0218495175712376	0.0126811065585322
RLG_AinsBYU209_Ava_chr6D-219874_TSD	0.518	0.0265071543904774	0.0277718680370153
RLG_AinsBYU209_Ava_chr6D-219967_TSD	0.51	0.0265516649408665	0.0267680675217566
RLG_AinsBYU209_Ava_chr6D-219982_TSD	0.317	0.0241111812742864	0.0227052270024641
RLG_AinsBYU209_Ava_chr6D-220039_TSD	0.357	0.026327370594242	0.0289322709849899
RLG_AinsBYU209_Ava_chr6D-220053_TSD	0.29	0.0249618005021245	0.0214839321978721
RLG_AinsBYU209_Ava_chr6D-220777_TSD	0.539	0.0236829940529577	0.015929023711865
RLG_AinsBYU209_Ava_chr6D-220871_TSD	0.704	0.0256369807071614	0.024269398176998
RLG_AinsBYU209_Ava_chr6D-221071_TSD	0.885	0.0232883444004606	0.0216556381337273
RLG_AinsBYU209_Ava_chr6D-221083_TSD	1.114	0.0212604765304089	0.00758827359007518
RLG_AinsBYU209_Ava_chr6D-221391_TSD	0.812	0.0231746991673848	0.00744098931825602
RLG_AinsBYU209_Ava_chr6D-224090_TSD	0.784	0.0200849758991548	0.0115514733633995
RLG_AinsBYU209_Ava_chr6D-247528_TSD	1.088	0.0210172222815373	0.0236793648480548
RLG_AinsBYU209_Ava_chr6D-319480_TSD	0.628	0.0226212156987194	0.017357582486826
RLG_AinsBYU209_Ava_chr7D-211327_TSD	0.598	0.024144471427656	0.0209000082027511
RLG_AinsBYU209_Ava_chr7D-246138_TSD	0.394	0.020782191984983	0.00262584940611714
RLG_AinsBYU209_Ava_chr7D-246203_TSD	0.521	0.0223897670168779	0.0051809883059657
RLG_AinsBYU209_Ava_chr7D-247090_TSD	0.471	0.0190899182298672	0.00695803607249253
RLG_AinsBYU209_Ava_chr7D-248650_TSD	0.776	0.0214729779456152	0.0159021818268569
RLG_AinsBYU209_Ava_chr7D-250338_TSD	0.943	0.0274003027917569	0.0262636619977413
RLG_AinsBYU209_Ava_chr7D-250476_TSD	0.518	0.0274623235783381	0.0243359378295421
RLG_AinsBYU209_Ava_chr7D-250728_TSD	0.882	0.0262096596874355	0.0221197873736551
RLG_AinsBYU209_Ava_chr7D-251154_TSD	0.469	0.0260103930723151	0.0242353665490488
RLG_AinsBYU209_Ava_chr7D-251242_TSD	0.429	0.0261536238892882	0.0242825262984931
RLG_AinsBYU209_Ava_chr7D-251533_TSD	0.56	0.0225527373242263	0.0065186973833337
RLG_AinsBYU209_Ava_chr7D-251722_TSD	0.802	0.0256005614529046	0.0259877190849489
RLG_AinsBYU209_Ava_chr7D-251784_TSD	0.52	0.0257379281989359	0.0204973749060181
RLG_AinsBYU209_Ava_chr7D-251882_TSD	0.407	0.022118556328024	0.0208784089200274
RLG_AinsBYU209_Ava_chr7D-252033_TSD	0.558	0.0249187536571562	0.0195782885901992
RLG_AinsBYU209_Ava_chr7D-252149_TSD	1.254	0.0234184130515322	0.0197737600504951
RLG_AinsBYU209_Ava_chr7D-252181_TSD	0.357	0.0245323523927859	0.0264594230917586
RLG_AinsBYU209_Ava_chr7D-252261_TSD	0.694	0.0263511065851552	0.0266094262183393
RLG_AinsBYU209_Ava_chr7D-252374_TSD	0.625	0.0248581296160026	0.0239144925420276
RLG_AinsBYU209_Ava_chr7D-252461_TSD	0.837	0.0244552838802487	0.0240609335156053
RLG_AinsBYU209_Ava_chr7D-252636_TSD	0.641	0.0238308906507941	0.0254065923849092
RLG_AinsBYU209_Ava_chr7D-252780_TSD	0.357	0.0250656537991977	0.0216460026646888
RLG_AinsBYU209_Ava_chr7D-252891_TSD	0.487	0.0239861610409971	0.0235811149136624
RLG_AinsBYU209_Ava_chr7D-253271_TSD	0.478	0.0241542913900614	0.0201870694077488
RLG_AinsBYU209_Ava_chr7D-253456_TSD	0.809	0.0194240315803816	0.00208049340899362
RLG_AinsBYU209_Ava_chr7D-254945_TSD	0.329	0.0235095064886238	0.0247626946371002
RLG_AinsBYU209_Ava_chr7D-255491_TSD	0.358	0.0268605031446155	0.027140787980287
RLG_AinsBYU209_Ava_chr7D-256774_TSD	0.97	0.0233672517431623	0.0207277674106877
RLG_AinsBYU209_Ava_chr7D-264506_TSD	1.27	0.0198023498100217	0.00884876421370732
RLG_AinsBYU209_Ava_chr7D-325571_TSD	0.523	0.0265443323012567	0.0236137914131297
RLG_AinsBYU209_Ava_chr7D-329435_TSD	0.405	0.0251868871885397	0.0200091703919818
RLG_AinsBYU209_Ava_chr7D-342443_TSD	0.81	0.0213095886473026	0.0102954305249709
RLG_AinsBYU209_Ava_chr7D-396706_TSD	0.73	0.018636013976315	-0.00153992774034006
RLG_AinsBYU209_Ava_chr7D-438178_TSD	0.626	0.0238964380597935	0.0218631132082806
RLG_AinsBYU209_Ava_chr7D-475946_TSD	0.199	0.0278595704174943	0.0282909917067292
RLG_AlonCN58138Al_Ava_chr1A-175289_TSD	0.452	0.0186371358638772	0.0103509408011679
RLG_AlonCN58138Al_Ava_chr1A-189875_TSD	1.094	0.016581721902282	-0.00367807751341475
RLG_AlonCN58138Al_Ava_chr1A-229055_TSD	1.074	0.0160987547082134	0.00583230892381205
RLG_AlonCN58138Al_Ava_chr1A-233308_TSD	1.101	0.0174826184041775	0.00336613844288209
RLG_AlonCN58138Al_Ava_chr1A-234174_TSD	1.103	0.0165091829246302	0.00239401866657525
RLG_AlonCN58138Al_Ava_chr1A-234709_TSD	0.956	0.0172672195892801	-0.000390868005822457
RLG_AlonCN58138Al_Ava_chr1A-237685_TSD	1.028	0.0188117721478133	0.00242506485059783
RLG_AlonCN58138Al_Ava_chr1A-302386_TSD	1.459	0.0165574447354949	0.00667863410902041
RLG_AlonCN58138Al_Ava_chr1A-447127_TSD	0.683	0.0191404817090123	0.0117868898260113
RLG_AlonCN58138Al_Ava_chr2A-179917_TSD	1.165	0.0176523908621215	-0.000235962002573936
RLG_AlonCN58138Al_Ava_chr2A-299815_TSD	0.51	0.0200044929432321	0.00496221475095289
RLG_AlonCN58138Al_Ava_chr2A-530130_TSD	0.856	0.0194840531566197	-3.01067855256193e-05
RLG_AlonCN58138Al_Ava_chr2A-554533_TSD	0.748	0.0205195837485666	0.00489508880199487
RLG_AlonCN58138Al_Ava_chr3A-262152_TSD	1.11	0.0190061218277277	0.0124023934482526
RLG_AlonCN58138Al_Ava_chr3A-269974_TSD	0.809	0.0208676866115585	0.0131459172604412
RLG_AlonCN58138Al_Ava_chr3A-402028_TSD	0.745	0.0195169613028845	0.00543593215257242
RLG_AlonCN58138Al_Ava_chr4A-009042_TSD	0.972	0.0186377611239203	0.00612864940995406
RLG_AlonCN58138Al_Ava_chr4A-145482_TSD	0.998	0.0187720597747727	-0.00109902984713587
RLG_AlonCN58138Al_Ava_chr4A-159929_TSD	0.63	0.0189397851490749	-0.00134245410409966
RLG_AlonCN58138Al_Ava_chr4A-161294_TSD	0.891	0.0172062694864916	-0.00231036204680158
RLG_AlonCN58138Al_Ava_chr4A-165958_TSD	0.796	0.0204744272651346	0.0138308677952382
RLG_AlonCN58138Al_Ava_chr4A-166072_TSD	0.891	0.0200224276685152	0.0120508873463767
RLG_AlonCN58138Al_Ava_chr4A-222595_TSD	0.871	0.0196504966360091	0.0037188720179013
RLG_AlonCN58138Al_Ava_chr4A-291122_TSD	0.727	0.018981848258834	0.00355614738211888
RLG_AlonCN58138Al_Ava_chr4A-294862_TSD	1.072	0.0203671805804349	0.0111448083671791
RLG_AlonCN58138Al_Ava_chr5A-129818_TSD	0.723	0.0194699548254205	0.00357214025173169
RLG_AlonCN58138Al_Ava_chr5A-283677_TSD	1.21	0.0183168385852894	0.00448278105683084
RLG_AlonCN58138Al_Ava_chr5A-289425_TSD	0.953	0.0180671875241253	0.00619782501810672
RLG_AlonCN58138Al_Ava_chr5A-352303_TSD	1.405	0.0172944143870906	0.00186884484301762
RLG_AlonCN58138Al_Ava_chr5A-560428_TSD	0.774	0.0194878379236829	-0.000583393355215761
RLG_AlonCN58138Al_Ava_chr6A-203202_TSD	0.728	0.0209646508191355	0.00943714766806043
RLG_AlonCN58138Al_Ava_chr6A-203972_TSD	0.848	0.0184082719118246	0.0106011388328216
RLG_AlonCN58138Al_Ava_chr6A-206638_TSD	0.468	0.0231869202309122	0.00717995816546054
RLG_AlonCN58138Al_Ava_chr6A-206957_TSD	0.87	0.0203601447123481	0.00828285147366035
RLG_AlonCN58138Al_Ava_chr7A-081664_TSD	0.562	0.0212898173869673	0.00212151680786028
RLG_AlonCN58138Al_Ava_chr7A-168505_TSD	1.191	0.0147030176160318	0.00025361073485917
RLG_AlonCN58138Al_Ava_chr7A-316422_TSD	1.494	0.0181427393037468	0.00874139787448887
RLG_AlonCN58138Al_Ava_chr7A-318405_TSD	1.038	0.0201138433944461	0.0114050118083034
RLG_AlonCN58138Al_Ava_chr7A-497526_TSD	0.872	0.0192979329424542	0.00381156315672255
RLG_AsatOT3098_Ava_chr1A-108421_TSD	1.083	0.0162051359490337	-0.00487293125961078
RLG_AsatOT3098_Ava_chr1A-140565_TSD	0.78	0.016837325106092	0.00161374409766866
RLG_AsatOT3098_Ava_chr1A-141930_TSD	0.93	0.0166962440998117	0.00102005739600526
RLG_AsatOT3098_Ava_chr1A-153192_TSD	0.647	0.017164874522825	0.00363193573596921
RLG_AsatOT3098_Ava_chr1A-153794_TSD	0.482	0.0206662015757941	0.0160332922061919
RLG_AsatOT3098_Ava_chr1A-153885_TSD	0.542	0.0214154217646515	0.0171482397708985
RLG_AsatOT3098_Ava_chr1A-156326_TSD	0.436	0.0206408558522974	0.0160891469361614
RLG_AsatOT3098_Ava_chr1A-156421_TSD	0.358	0.0197803884194225	0.0173048031699977
RLG_AsatOT3098_Ava_chr1A-157517_TSD	0.642	0.0208880245609055	0.0152106587973999
RLG_AsatOT3098_Ava_chr1A-157822_TSD	0.351	0.0207139670170263	0.016413283864299
RLG_AsatOT3098_Ava_chr1A-164898_TSD	0.389	0.019911309406618	0.0145000304038402
RLG_AsatOT3098_Ava_chr1A-210686_TSD	0.909	0.0182503685762824	0.00556829492297383
RLG_AsatOT3098_Ava_chr1A-391391_TSD	0.432	0.0225399334189369	0.00593705698131881
RLG_AsatOT3098_Ava_chr1C-019435_TSD	0.745	0.025149022877136	0.0213018094517719
RLG_AsatOT3098_Ava_chr1D-128971_TSD	1.277	0.0203818658786968	0.0133663805821514
RLG_AsatOT3098_Ava_chr1D-133647_TSD	0.665	0.0261052735204831	0.0256180142657764
RLG_AsatOT3098_Ava_chr1D-144266_TSD	0.546	0.0258110722938666	0.0232989918247698
RLG_AsatOT3098_Ava_chr1D-145143_TSD	0.547	0.0265545726461828	0.0242496688850245
RLG_AsatOT3098_Ava_chr1D-145758_TSD	0.558	0.024474605782153	0.0191932411128402
RLG_AsatOT3098_Ava_chr1D-145771_TSD	0.801	0.0238248801221636	0.0251490422055204
RLG_AsatOT3098_Ava_chr1D-145789_TSD	0.793	0.0205890948912119	0.0134087532292191
RLG_AsatOT3098_Ava_chr1D-145979_TSD	1.48	0.0229200841738759	0.0153089338008596
RLG_AsatOT3098_Ava_chr1D-146091_TSD	0.806	0.0215672585849429	0.0103388570321697
RLG_AsatOT3098_Ava_chr1D-146776_TSD	1.467	0.0240323722456204	0.0223764663543822
RLG_AsatOT3098_Ava_chr1D-147357_TSD	0.631	0.0250771832642888	0.0238715102822847
RLG_AsatOT3098_Ava_chr1D-147552_TSD	0.586	0.0268480528605614	0.0249288896246991
RLG_AsatOT3098_Ava_chr1D-147990_TSD	0.717	0.0262481127050589	0.0252294664568667
RLG_AsatOT3098_Ava_chr1D-148033_TSD	0.72	0.0258325937057506	0.0248801297400831
RLG_AsatOT3098_Ava_chr1D-148175_TSD	1.752	0.0231729698707498	0.0212323246372303
RLG_AsatOT3098_Ava_chr1D-148494_TSD	0.709	0.02128924947077	0.00762791285280517
RLG_AsatOT3098_Ava_chr1D-148615_TSD	0.626	0.024508896831799	0.022842448810318
RLG_AsatOT3098_Ava_chr1D-148764_TSD	0.803	0.024348908631727	0.0210663512323063
RLG_AsatOT3098_Ava_chr1D-310324_TSD	0.468	0.0250445627718242	0.027585298941753
RLG_AsatOT3098_Ava_chr1D-372932_TSD	0.593	0.0264115251960839	0.0280719294752548
RLG_AsatOT3098_Ava_chr1D-419209_TSD	0.694	0.0229367745179581	0.0254091617119162
RLG_AsatOT3098_Ava_chr1D-459684_TSD	0.6	0.0241127605604061	0.0245635442276846
RLG_AsatOT3098_Ava_chr2A-155922_TSD	0.536	0.0193622688160081	0.00749920146483839
RLG_AsatOT3098_Ava_chr2A-159662_TSD	0.624	0.018008831566032	0.0154933710596275
RLG_AsatOT3098_Ava_chr2A-164962_TSD	0.791	0.0216820539931557	0.00980588444934868
RLG_AsatOT3098_Ava_chr2A-280541_TSD	0.591	0.0202238124776393	0.00415142002839186
RLG_AsatOT3098_Ava_chr2D-110739_TSD	0.813	0.0193407274376577	0.00412961397993439
RLG_AsatOT3098_Ava_chr2D-124669_TSD	0.645	0.0213610861758645	0.00955509866674707
RLG_AsatOT3098_Ava_chr2D-127485_TSD	0.785	0.0274287162428434	0.0275646118114532
RLG_AsatOT3098_Ava_chr2D-316387_TSD	0.801	0.0249403857889375	0.0238904968975488
RLG_AsatOT3098_Ava_chr2D-342077_TSD	0.967	0.0273315270756883	0.0225636773829872
RLG_AsatOT3098_Ava_chr2D-353273_TSD	0.831	0.0209184006358817	0.0108639182649678
RLG_AsatOT3098_Ava_chr2D-366952_TSD	0.838	0.0161287825010858	0.0111719291774926
RLG_AsatOT3098_Ava_chr2D-367226_TSD	0.745	0.0238928187644324	0.0225371376536288
RLG_AsatOT3098_Ava_chr2D-367282_TSD	1.029	0.0226801231760591	0.00500771905875012
RLG_AsatOT3098_Ava_chr2D-368517_TSD	0.826	0.0232294276760901	0.0113961514662459
RLG_AsatOT3098_Ava_chr2D-368592_TSD	0.48	0.026200232753294	0.0254241692461252
RLG_AsatOT3098_Ava_chr2D-368675_TSD	0.843	0.0258094634736962	0.0203762026024998
RLG_AsatOT3098_Ava_chr2D-368770_TSD	0.629	0.0200026763786092	0.0101778942102198
RLG_AsatOT3098_Ava_chr2D-369089_TSD	0.461	0.0255540521658948	0.0266289158531864
RLG_AsatOT3098_Ava_chr2D-369161_TSD	0.487	0.0240241973199226	0.0232361280313685
RLG_AsatOT3098_Ava_chr2D-369183_TSD	0.649	0.0234285943787168	0.0194313862704792
RLG_AsatOT3098_Ava_chr2D-369198_TSD	0.753	0.0225947438158905	0.0133613213189549
RLG_AsatOT3098_Ava_chr2D-369223_TSD	0.601	0.0267808686107166	0.0290156756844927
RLG_AsatOT3098_Ava_chr2D-369344_TSD	0.554	0.0218063885695845	0.0129537269555193
RLG_AsatOT3098_Ava_chr2D-369354_TSD	0.72	0.0226235086298217	0.0188827856478089
RLG_AsatOT3098_Ava_chr2D-369397_TSD	0.399	0.0245931354269546	0.0206494413832685
RLG_AsatOT3098_Ava_chr2D-369532_TSD	0.786	0.025795254951027	0.0274764389570787
RLG_AsatOT3098_Ava_chr2D-369617_TSD	0.557	0.0255264496348998	0.0252676358255741
RLG_AsatOT3098_Ava_chr2D-369625_TSD	1.251	0.0254160557604323	0.0249928188218277
RLG_AsatOT3098_Ava_chr2D-369758_TSD	0.629	0.0251969946666164	0.0238287531114427
RLG_AsatOT3098_Ava_chr2D-369845_TSD	0.439	0.0261127389141577	0.0215726640519363
RLG_AsatOT3098_Ava_chr2D-369970_TSD	0.71	0.0227994360160389	0.00805338552577296
RLG_AsatOT3098_Ava_chr2D-370023_TSD	0.824	0.0253526229240673	0.0231155043689373
RLG_AsatOT3098_Ava_chr2D-370048_TSD	0.748	0.0257172839771099	0.0256453145850723
RLG_AsatOT3098_Ava_chr2D-370451_TSD	0.64	0.0250904858184097	0.0197442638233344
RLG_AsatOT3098_Ava_chr2D-370497_TSD	0.759	0.0271072575504317	0.0272067943537695
RLG_AsatOT3098_Ava_chr2D-370617_TSD	0.468	0.0234768441443602	0.0198758338282714
RLG_AsatOT3098_Ava_chr2D-370686_TSD	1.054	0.0203959349242754	0.0132149965983377
RLG_AsatOT3098_Ava_chr2D-370788_TSD	0.89	0.0182525226988149	0.0065920315528483
RLG_AsatOT3098_Ava_chr2D-370863_TSD	0.647	0.0241427264177112	0.0245331808776423
RLG_AsatOT3098_Ava_chr2D-370976_TSD	0.282	0.0205607185037117	0.0116141526178375
RLG_AsatOT3098_Ava_chr2D-371127_TSD	0.477	0.0248549886961036	0.0253516366562966
RLG_AsatOT3098_Ava_chr2D-371141_TSD	0.391	0.0207323237422973	0.00840894503529857
RLG_AsatOT3098_Ava_chr2D-371213_TSD	0.679	0.0242287197704937	0.0192212482539172
RLG_AsatOT3098_Ava_chr2D-371378_TSD	0.617	0.0186059539963627	0.00961128522896077
RLG_AsatOT3098_Ava_chr2D-371804_TSD	0.523	0.0249854845447608	0.0256092839799639
RLG_AsatOT3098_Ava_chr2D-372313_TSD	1.31	0.0212874314596158	0.0150401033627735
RLG_AsatOT3098_Ava_chr2D-374389_TSD	0.847	0.0187211661203322	0.00244181867505682
RLG_AsatOT3098_Ava_chr2D-375588_TSD	0.883	0.0212659797684275	0.00920776728409105
RLG_AsatOT3098_Ava_chr2D-380820_TSD	0.306	0.0208308791999499	0.00953462803313197
RLG_AsatOT3098_Ava_chr2D-382544_TSD	0.965	0.0232289314723674	0.019926778232336
RLG_AsatOT3098_Ava_chr2D-501682_TSD	0.561	0.0260337154406644	0.0251655535194635
RLG_AsatOT3098_Ava_chr3A-110316_TSD	0.769	0.0219602081189335	0.0107587462991958
RLG_AsatOT3098_Ava_chr3A-240607_TSD	0.791	0.0191484066700112	0.0050528371266471
RLG_AsatOT3098_Ava_chr3A-240860_TSD	0.711	0.0186478481094784	0.00296734394320206
RLG_AsatOT3098_Ava_chr3A-241239_TSD	0.491	0.0223801632737375	0.0106237727317725
RLG_AsatOT3098_Ava_chr3A-243365_TSD	0.551	0.0215479921508392	0.0123450238792007
RLG_AsatOT3098_Ava_chr3A-259800_TSD	0.709	0.0194666170923029	0.00301524487561422
RLG_AsatOT3098_Ava_chr3A-362633_TSD	1.207	0.0196620535144446	0.00549697767183227
RLG_AsatOT3098_Ava_chr3D-066740_TSD	0.788	0.0216736031314634	0.00968830370696513
RLG_AsatOT3098_Ava_chr3D-164097_TSD	0.569	0.0253390577625615	0.0244035689085139
RLG_AsatOT3098_Ava_chr3D-202109_TSD	0.673	0.018414297963774	0.0115447424895281
RLG_AsatOT3098_Ava_chr3D-202491_TSD	0.706	0.0254140290106143	0.0250441129465955
RLG_AsatOT3098_Ava_chr3D-202554_TSD	0.447	0.0250197673247507	0.0235321275147582
RLG_AsatOT3098_Ava_chr3D-202602_TSD	0.578	0.023181738507583	0.0130723967228273
RLG_AsatOT3098_Ava_chr3D-202922_TSD	0.466	0.0226548196511688	0.0197254856356746
RLG_AsatOT3098_Ava_chr3D-202944_TSD	0.766	0.0190560576739535	0.00529737147190107
RLG_AsatOT3098_Ava_chr3D-203054_TSD	0.428	0.0220651590849189	0.0231183588450933
RLG_AsatOT3098_Ava_chr3D-203168_TSD	0.558	0.0241016608178141	0.0243159651399954
RLG_AsatOT3098_Ava_chr3D-203278_TSD	0.428	0.0250624440090664	0.0218003092285656
RLG_AsatOT3098_Ava_chr3D-203487_TSD	0.408	0.0252154733558629	0.0209886673649259
RLG_AsatOT3098_Ava_chr3D-203505_TSD	0.578	0.0209178670823327	0.00807883729969265
RLG_AsatOT3098_Ava_chr3D-203732_TSD	0.528	0.0243846144970036	0.0258529600699429
RLG_AsatOT3098_Ava_chr3D-203764_TSD	0.625	0.026946144250376	0.0264578997954609
RLG_AsatOT3098_Ava_chr3D-204203_TSD	1.466	0.023459507601187	0.0212749583444573
RLG_AsatOT3098_Ava_chr3D-204428_TSD	0.587	0.0248236832356986	0.0236130632778012
RLG_AsatOT3098_Ava_chr3D-204666_TSD	0.356	0.0258406922124661	0.0219285446147021
RLG_AsatOT3098_Ava_chr3D-204747_TSD	0.695	0.0202293922658884	0.00853412919328895
RLG_AsatOT3098_Ava_chr3D-204838_TSD	0.237	0.0246748186916372	0.0244147780265466
RLG_AsatOT3098_Ava_chr3D-205020_TSD	0.586	0.0256606367512264	0.0261395418706179
RLG_AsatOT3098_Ava_chr3D-205072_TSD	0.67	0.0219071719771407	0.00736283210678307
RLG_AsatOT3098_Ava_chr3D-205296_TSD	0.733	0.0223122275260083	0.00722331783038601
RLG_AsatOT3098_Ava_chr3D-205349_TSD	0.388	0.0249603123345566	0.025686271533981
RLG_AsatOT3098_Ava_chr3D-205443_TSD	0.947	0.0191810697693198	0.00873820817719022
RLG_AsatOT3098_Ava_chr3D-205462_TSD	0.493	0.023975138526354	0.0258478684300111
RLG_AsatOT3098_Ava_chr3D-205547_TSD	0.609	0.0254565572148306	0.0193307750080435
RLG_AsatOT3098_Ava_chr3D-205688_TSD	0.437	0.0261862911727549	0.025442380816484
RLG_AsatOT3098_Ava_chr3D-206337_TSD	0.358	0.024148736899007	0.0253686236288367
RLG_AsatOT3098_Ava_chr3D-206401_TSD	0.508	0.0261870101008857	0.0229620184406724
RLG_AsatOT3098_Ava_chr3D-206422_TSD	0.357	0.0241643327144376	0.00983196396504326
RLG_AsatOT3098_Ava_chr3D-206475_TSD	0.647	0.0218654827546644	0.0117878798798581
RLG_AsatOT3098_Ava_chr3D-206523_TSD	0.729	0.0222128441544306	0.0131956508559958
RLG_AsatOT3098_Ava_chr3D-206628_TSD	0.776	0.02268990220595	0.00656532570660802
RLG_AsatOT3098_Ava_chr3D-207016_TSD	0.752	0.0220217636568112	0.00754399561339416
RLG_AsatOT3098_Ava_chr3D-207336_TSD	0.744	0.0257175628061844	0.0223747417849741
RLG_AsatOT3098_Ava_chr3D-207360_TSD	0.744	0.0248727218890034	0.0230846326323418
RLG_AsatOT3098_Ava_chr3D-207518_TSD	0.793	0.022734408747704	0.0103441360182417
RLG_AsatOT3098_Ava_chr3D-207624_TSD	0.548	0.0248378241317869	0.0248742595641492
RLG_AsatOT3098_Ava_chr3D-207768_TSD	0.922	0.0192151091593588	0.0108308881037234
RLG_AsatOT3098_Ava_chr3D-207777_TSD	0.585	0.025479167712467	0.0238323561756969
RLG_AsatOT3098_Ava_chr3D-207791_TSD	0.678	0.0241716265634939	0.02058992801606
RLG_AsatOT3098_Ava_chr3D-207802_TSD	0.84	0.0257904971573438	0.0264482317261843
RLG_AsatOT3098_Ava_chr3D-208564_TSD	0.678	0.0200069992170548	0.0136021407719191
RLG_AsatOT3098_Ava_chr3D-212210_TSD	0.389	0.0231464706836152	0.023621231429065
RLG_AsatOT3098_Ava_chr3D-319354_TSD	0.634	0.0191466180277497	0.00475545209085501
RLG_AsatOT3098_Ava_chr4A-101868_TSD	1.011	0.0184062728809911	-2.80547431879126e-05
RLG_AsatOT3098_Ava_chr4A-123773_TSD	0.565	0.0195921721683588	-0.00259368954006457
RLG_AsatOT3098_Ava_chr4A-344028_TSD	0.593	0.0189097459704966	-0.00424748726676709
RLG_AsatOT3098_Ava_chr4A-409636_TSD	0.577	0.0178447559496037	-0.00100929025528308
RLG_AsatOT3098_Ava_chr4A-432026_TSD	0.384	0.0210053266433683	0.00491294926862582
RLG_AsatOT3098_Ava_chr4C-018653_TSD	0.802	0.0275168270862385	0.0252574692378484
RLG_AsatOT3098_Ava_chr4D-089298_TSD	0.501	0.0247854690583535	0.0116475300147828
RLG_AsatOT3098_Ava_chr4D-099437_TSD	0.888	0.0185489572875113	-0.000755319692382017
RLG_AsatOT3098_Ava_chr4D-120901_TSD	1.345	0.0153608971790806	-0.00872348869507437
RLG_AsatOT3098_Ava_chr4D-147748_TSD	1.224	0.0140310512766223	-0.00108244642441174
RLG_AsatOT3098_Ava_chr4D-152241_TSD	0.603	0.0109633028859966	-0.00629359414019118
RLG_AsatOT3098_Ava_chr4D-154386_TSD	0.7	0.0133472421534899	-0.0063769856863809
RLG_AsatOT3098_Ava_chr4D-155174_TSD	0.727	0.0182362606359112	0.00618887235141566
RLG_AsatOT3098_Ava_chr4D-155702_TSD	0.31	0.0198813404153062	0.0126957770638011
RLG_AsatOT3098_Ava_chr4D-156014_TSD	0.736	0.0250484665102635	0.0104054108303061
RLG_AsatOT3098_Ava_chr4D-156047_TSD	1.037	0.0141773026254308	-0.00289913400137258
RLG_AsatOT3098_Ava_chr4D-156677_TSD	0.471	0.0180900660106301	0.000303560472707783
RLG_AsatOT3098_Ava_chr4D-156730_TSD	0.785	0.0206238729813092	0.00243787325409472
RLG_AsatOT3098_Ava_chr4D-156834_TSD	0.83	0.0174264846235539	0.00247209859478074
RLG_AsatOT3098_Ava_chr4D-157092_TSD	0.389	0.0213284307641461	0.0178574962373273
RLG_AsatOT3098_Ava_chr4D-157243_TSD	0.685	0.0198756356713323	0.00379990188536377
RLG_AsatOT3098_Ava_chr4D-157261_TSD	0.392	0.0208926580924866	0.00584381963731001
RLG_AsatOT3098_Ava_chr4D-157289_TSD	0.562	0.0243348510637561	0.0118167050993908
RLG_AsatOT3098_Ava_chr4D-157438_TSD	0.581	0.0182093421511631	0.0101868987661594
RLG_AsatOT3098_Ava_chr4D-157642_TSD	0.66	0.0213798824407638	0.0174590104213409
RLG_AsatOT3098_Ava_chr4D-157674_TSD	0.319	0.0198813869041002	0.0162200711142684
RLG_AsatOT3098_Ava_chr4D-157760_TSD	0.357	0.0223259411341014	0.0181466564600509
RLG_AsatOT3098_Ava_chr4D-157795_TSD	0.397	0.0218653332282304	0.018090041142884
RLG_AsatOT3098_Ava_chr4D-157852_TSD	0.317	0.0223083807735954	0.0185400807816452
RLG_AsatOT3098_Ava_chr4D-158045_TSD	0.351	0.0198823010568726	0.0173094646661882
RLG_AsatOT3098_Ava_chr4D-158287_TSD	0.322	0.0194362793587136	0.00355327075400956
RLG_AsatOT3098_Ava_chr4D-160644_TSD	0.921	0.0151296707713609	-0.00284726363524034
RLG_AsatOT3098_Ava_chr4D-165396_TSD	0.71	0.0142756927925794	-0.0013687897249196
RLG_AsatOT3098_Ava_chr4D-167086_TSD	0.606	0.014224584976393	-0.00139440815160092
RLG_AsatOT3098_Ava_chr4D-169470_TSD	0.832	0.0136582520250689	-0.00361341314503192
RLG_AsatOT3098_Ava_chr4D-174295_TSD	0.921	0.0186596526859736	0.0141425695276813
RLG_AsatOT3098_Ava_chr4D-279917_TSD	0.673	0.0201654880006558	0.00961122335688897
RLG_AsatOT3098_Ava_chr4D-324214_TSD	0.357	0.0262850664860785	0.0261083922295937
RLG_AsatOT3098_Ava_chr4D-409177_TSD	0.526	0.0203043847890666	0.0148591907673068
RLG_AsatOT3098_Ava_chr5A-209221_TSD	0.927	0.0210892824438493	0.00772075796165939
RLG_AsatOT3098_Ava_chr5A-219145_TSD	0.793	0.0161268349381703	0.000120848334598786
RLG_AsatOT3098_Ava_chr5A-221835_TSD	0.751	0.0205222155198147	0.00798105570718811
RLG_AsatOT3098_Ava_chr5A-221987_TSD	1.34	0.0196159582965374	0.00351991127251733
RLG_AsatOT3098_Ava_chr5A-222044_TSD	0.829	0.0192086706065078	0.00796590634363775
RLG_AsatOT3098_Ava_chr5A-222285_TSD	1.06	0.0158692305333472	0.00972725835615493
RLG_AsatOT3098_Ava_chr5A-222568_TSD	1.104	0.0209773212327819	0.0107084970552342
RLG_AsatOT3098_Ava_chr5A-222612_TSD	0.766	0.0172199993586671	0.00231778419214521
RLG_AsatOT3098_Ava_chr5A-223003_TSD	0.914	0.0206419219490468	0.0056058939981046
RLG_AsatOT3098_Ava_chr5A-236075_TSD	0.769	0.0178559282232907	0.00366627573022622
RLG_AsatOT3098_Ava_chr5A-272915_TSD	0.633	0.0204932555254165	0.0104660244471699
RLG_AsatOT3098_Ava_chr5A-391329_TSD	0.674	0.0197696024006102	0.00573455753121872
RLG_AsatOT3098_Ava_chr5A-405951_TSD	1.009	0.0167908836845509	-0.00164002064302757
RLG_AsatOT3098_Ava_chr5D-150253_TSD	0.834	0.0210636239411038	0.00718232548381281
RLG_AsatOT3098_Ava_chr5D-188856_TSD	0.633	0.0235324118786071	0.01468363115524
RLG_AsatOT3098_Ava_chr5D-189375_TSD	0.405	0.0239148882959873	0.0240787841139493
RLG_AsatOT3098_Ava_chr5D-189754_TSD	0.447	0.0239407712990147	0.0258566358071121
RLG_AsatOT3098_Ava_chr5D-190115_TSD	0.445	0.0204580425762131	0.0183904567344865
RLG_AsatOT3098_Ava_chr5D-190598_TSD	0.547	0.0249356125085299	0.0250333224175991
RLG_AsatOT3098_Ava_chr5D-190703_TSD	1.024	0.0242030754737347	0.0254699146825198
RLG_AsatOT3098_Ava_chr5D-190749_TSD	0.558	0.0239656394338158	0.0231068985578345
RLG_AsatOT3098_Ava_chr5D-190822_TSD	0.517	0.0246476198360895	0.0267468727722481
RLG_AsatOT3098_Ava_chr5D-191039_TSD	0.736	0.0237972950988143	0.0245201369197609
RLG_AsatOT3098_Ava_chr5D-191188_TSD	0.399	0.0235303246305176	0.0220656395222473
RLG_AsatOT3098_Ava_chr5D-191543_TSD	0.694	0.0244477537115794	0.0277679041677037
RLG_AsatOT3098_Ava_chr5D-191552_TSD	0.472	0.0243773146118002	0.0123019287154424
RLG_AsatOT3098_Ava_chr5D-191749_TSD	0.665	0.0240876372828995	0.0263944173871042
RLG_AsatOT3098_Ava_chr5D-191785_TSD	0.64	0.023708646021089	0.0209353463936016
RLG_AsatOT3098_Ava_chr5D-192114_TSD	0.651	0.0258146689027299	0.0287719411257731
RLG_AsatOT3098_Ava_chr5D-192127_TSD	0.883	0.0224697260104737	0.0268166599724004
RLG_AsatOT3098_Ava_chr5D-192259_TSD	1.62	0.0225916401615881	0.0260730800523393
RLG_AsatOT3098_Ava_chr5D-192352_TSD	0.971	0.0236710960951481	0.0142851077094362
RLG_AsatOT3098_Ava_chr5D-192414_TSD	0.671	0.0252204599597459	0.0110498755589112
RLG_AsatOT3098_Ava_chr5D-192477_TSD	0.477	0.0264827944403344	0.0257346598446334
RLG_AsatOT3098_Ava_chr5D-192497_TSD	0.528	0.0223072058931441	0.0186256929472955
RLG_AsatOT3098_Ava_chr5D-192546_TSD	1.025	0.0259471349865758	0.0249184742548244
RLG_AsatOT3098_Ava_chr5D-192560_TSD	0.558	0.0228632449391166	0.0225485247482895
RLG_AsatOT3098_Ava_chr5D-192837_TSD	0.923	0.0232481896820767	0.0223346644687409
RLG_AsatOT3098_Ava_chr5D-192906_TSD	0.682	0.025312883810856	0.026181275346696
RLG_AsatOT3098_Ava_chr5D-194225_TSD	0.787	0.0220419109814296	0.0232014795977178
RLG_AsatOT3098_Ava_chr5D-196995_TSD	0.552	0.0218833108680079	0.00745323549093176
RLG_AsatOT3098_Ava_chr5D-197030_TSD	1.078	0.0211476669754329	0.00379614459269482
RLG_AsatOT3098_Ava_chr5D-206657_TSD	1.33	0.0202604282373423	0.00537726702114472
RLG_AsatOT3098_Ava_chr5D-368761_TSD	0.821	0.0232195812836831	0.0190688089524904
RLG_AsatOT3098_Ava_chr6A-135269_TSD	0.59	0.0200520938546192	0.00565199572212739
RLG_AsatOT3098_Ava_chr6A-135945_TSD	0.729	0.0186996423278543	0.00473441757519076
RLG_AsatOT3098_Ava_chr6A-136972_TSD	0.685	0.0203838945051232	0.0109416720646665
RLG_AsatOT3098_Ava_chr6A-137328_TSD	0.501	0.0214554091850595	0.0114649664360972
RLG_AsatOT3098_Ava_chr6A-137354_TSD	0.422	0.0209483603799251	0.00741639040180352
RLG_AsatOT3098_Ava_chr6A-142389_TSD	0.592	0.0239367759208676	0.0158607974521271
RLG_AsatOT3098_Ava_chr6A-297197_TSD	0.989	0.0153493779539083	-0.00553116438226742
RLG_AsatOT3098_Ava_chr6A-344771_TSD	0.753	0.0213596320640098	0.00900168588638793
RLG_AsatOT3098_Ava_chr6A-426331_TSD	0.198	0.0224471768142392	0.0200357183814017
RLG_AsatOT3098_Ava_chr6D-025866_TSD	0.674	0.0226112655748271	0.015558198323274
RLG_AsatOT3098_Ava_chr6D-089515_TSD	1.147	0.0271416186553596	0.0228165299015208
RLG_AsatOT3098_Ava_chr6D-097606_TSD	1.157	0.019549424053071	0.00986434323659168
RLG_AsatOT3098_Ava_chr6D-098293_TSD	0.477	0.0239696871396048	0.0245024741873832
RLG_AsatOT3098_Ava_chr6D-098562_TSD	0.454	0.0200878317173639	0.00830319745574655
RLG_AsatOT3098_Ava_chr6D-098680_TSD	0.401	0.0219544100849846	0.0244623018328392
RLG_AsatOT3098_Ava_chr6D-098727_TSD	0.829	0.0197945717225696	0.00944051965645236
RLG_AsatOT3098_Ava_chr6D-098866_TSD	0.467	0.0250398589868906	0.0261786040698324
RLG_AsatOT3098_Ava_chr6D-099092_TSD	0.427	0.0231411517043289	0.0211380726973269
RLG_AsatOT3098_Ava_chr6D-099131_TSD	1.148	0.0249276817192627	0.0233536846415524
RLG_AsatOT3098_Ava_chr6D-099182_TSD	0.49	0.0248333355309715	0.019888807116866
RLG_AsatOT3098_Ava_chr6D-099226_TSD	0.812	0.0211488076507005	0.00831255074747935
RLG_AsatOT3098_Ava_chr6D-099255_TSD	0.642	0.0230327177463007	0.0240319341816057
RLG_AsatOT3098_Ava_chr6D-099310_TSD	0.735	0.024653027098545	0.0216791828982188
RLG_AsatOT3098_Ava_chr6D-099602_TSD	0.471	0.0214715052502754	0.0115881746951574
RLG_AsatOT3098_Ava_chr6D-099844_TSD	0.237	0.021738683617868	0.00491614158018593
RLG_AsatOT3098_Ava_chr6D-100021_TSD	0.917	0.0200175870146548	0.0126215106259067
RLG_AsatOT3098_Ava_chr6D-100206_TSD	0.651	0.0271595832787262	0.0261846652353193
RLG_AsatOT3098_Ava_chr6D-100234_TSD	0.611	0.0270293295639058	0.0259925911850337
RLG_AsatOT3098_Ava_chr6D-100461_TSD	0.546	0.0265700554910866	0.0283227774339777
RLG_AsatOT3098_Ava_chr6D-100679_TSD	0.865	0.0265444249970858	0.0262021472084644
RLG_AsatOT3098_Ava_chr6D-100784_TSD	0.785	0.0265261853557147	0.0263933348039155
RLG_AsatOT3098_Ava_chr6D-101167_TSD	0.437	0.0258615666718854	0.0261307587002624
RLG_AsatOT3098_Ava_chr6D-101307_TSD	0.55	0.0204679361346705	0.0110810751531293
RLG_AsatOT3098_Ava_chr6D-101463_TSD	0.587	0.024952645347485	0.020186961199142
RLG_AsatOT3098_Ava_chr6D-101484_TSD	0.71	0.0220881116780554	0.0190989268197123
RLG_AsatOT3098_Ava_chr6D-101506_TSD	0.719	0.0240438188581373	0.0192892724218106
RLG_AsatOT3098_Ava_chr6D-101548_TSD	0.748	0.0204065771848234	0.0113420209393903
RLG_AsatOT3098_Ava_chr6D-102534_TSD	0.678	0.0238522854332071	0.0190155004211051
RLG_AsatOT3098_Ava_chr6D-102717_TSD	0.671	0.0221696165911015	0.00944554328098754
RLG_AsatOT3098_Ava_chr6D-102898_TSD	0.423	0.0227222338486687	0.016656182628243
RLG_AsatOT3098_Ava_chr6D-102982_TSD	0.598	0.0253662289124374	0.0239540007452921
RLG_AsatOT3098_Ava_chr6D-106087_TSD	0.511	0.0217505234004822	0.0128601724414166
RLG_AsatOT3098_Ava_chr6D-129834_TSD	1.047	0.0204737370579483	0.0229730880011996
RLG_AsatOT3098_Ava_chr6D-201209_TSD	0.548	0.023016445870944	0.017081041245798
RLG_AsatOT3098_Ava_chr7A-067685_TSD	0.355	0.0214307250512952	0.0167664045188673
RLG_AsatOT3098_Ava_chr7A-068652_TSD	0.99	0.0211540421603401	0.000635650801229857
RLG_AsatOT3098_Ava_chr7A-108159_TSD	0.782	0.0159428885935099	-0.00616956807748853
RLG_AsatOT3098_Ava_chr7A-329780_TSD	0.625	0.0215198876348157	0.00758351690168509
RLG_AsatOT3098_Ava_chr7C-305303_TSD	0.985	0.0250528261597494	0.02266834190107
RLG_AsatOT3098_Ava_chr7D-043036_TSD	0.664	0.0256150771419776	0.0271802018672638
RLG_AsatOT3098_Ava_chr7D-219484_TSD	0.715	0.0203858454184627	0.00237450210062713
RLG_AsatOT3098_Ava_chr7D-219548_TSD	0.67	0.0220813071479724	0.00571344039737293
RLG_AsatOT3098_Ava_chr7D-220448_TSD	0.844	0.0182332655431412	0.00683687036457358
RLG_AsatOT3098_Ava_chr7D-223342_TSD	1.038	0.0232292572254172	0.0220947304782573
RLG_AsatOT3098_Ava_chr7D-223390_TSD	1.031	0.0213643260029769	0.00196898753510889
RLG_AsatOT3098_Ava_chr7D-223640_TSD	0.744	0.0247182034964772	0.022038808423823
RLG_AsatOT3098_Ava_chr7D-224109_TSD	0.477	0.0253480953017843	0.0256317558159868
RLG_AsatOT3098_Ava_chr7D-224764_TSD	0.487	0.0272248575776951	0.0268469926431985
RLG_AsatOT3098_Ava_chr7D-225020_TSD	0.389	0.0273878783576846	0.0249235986503589
RLG_AsatOT3098_Ava_chr7D-225709_TSD	0.793	0.0208384549545501	0.0105304089417345
RLG_AsatOT3098_Ava_chr7D-226273_TSD	0.468	0.0281267481998019	0.0250793959273941
RLG_AsatOT3098_Ava_chr7D-226364_TSD	0.438	0.0255507113985162	0.0204419195823452
RLG_AsatOT3098_Ava_chr7D-226375_TSD	0.637	0.0277360134599177	0.0243665864157607
RLG_AsatOT3098_Ava_chr7D-226547_TSD	0.556	0.0251476825502413	0.0275892526917685
RLG_AsatOT3098_Ava_chr7D-226667_TSD	0.405	0.0247224761167385	0.0224188312324252
RLG_AsatOT3098_Ava_chr7D-227188_TSD	0.478	0.0262325811707077	0.0230259122160775
RLG_AsatOT3098_Ava_chr7D-227540_TSD	0.563	0.022014638941425	0.00569453414073106
RLG_AsatOT3098_Ava_chr7D-227728_TSD	0.607	0.0246684343995722	0.0256277839017033
RLG_AsatOT3098_Ava_chr7D-227789_TSD	0.318	0.0246522927354642	0.0188487496969864
RLG_AsatOT3098_Ava_chr7D-227838_TSD	0.683	0.0243822581218687	0.0215283514006087
RLG_AsatOT3098_Ava_chr7D-227893_TSD	0.612	0.0226593516917663	0.0222811429014962
RLG_AsatOT3098_Ava_chr7D-228152_TSD	1.793	0.0232002078976688	0.0224725576909732
RLG_AsatOT3098_Ava_chr7D-228210_TSD	0.769	0.0259477885467852	0.0269158560280928
RLG_AsatOT3098_Ava_chr7D-228282_TSD	0.586	0.0268214714242716	0.0268241584238433
RLG_AsatOT3098_Ava_chr7D-228586_TSD	0.763	0.0249545681067241	0.0197808037114805
RLG_AsatOT3098_Ava_chr7D-229044_TSD	0.625	0.0254434308410555	0.0252593470921228
RLG_AsatOT3098_Ava_chr7D-229157_TSD	0.548	0.0241347852068909	0.0223201226719952
RLG_AsatOT3098_Ava_chr7D-229233_TSD	0.58	0.023818040745514	0.023500930624349
RLG_AsatOT3098_Ava_chr7D-229540_TSD	0.437	0.0256723963866336	0.0220356849812366
RLG_AsatOT3098_Ava_chr7D-229670_TSD	0.487	0.0238521365135748	0.0233060387448812
RLG_AsatOT3098_Ava_chr7D-229866_TSD	1.422	0.0257065017693619	0.0227619785268484
RLG_AsatOT3098_Ava_chr7D-229874_TSD	0.928	0.0242058867627802	0.0238231838131506
RLG_AsatOT3098_Ava_chr7D-229982_TSD	0.707	0.0258410222484043	0.0254375924902972
RLG_AsatOT3098_Ava_chr7D-230081_TSD	0.82	0.0246157804794738	0.0203180782564174
RLG_AsatOT3098_Ava_chr7D-230183_TSD	0.613	0.0246627827151256	0.0221528148344856
RLG_AsatOT3098_Ava_chr7D-230634_TSD	0.891	0.0179170881101521	0.000534869838793434
RLG_AsatOT3098_Ava_chr7D-230849_TSD	0.47	0.0220865223385299	0.00648074769186725
RLG_AsatOT3098_Ava_chr7D-232598_TSD	0.786	0.0226654279017192	0.0214459827366661
RLG_AsatOT3098_Ava_chr7D-233782_TSD	0.438	0.0274053329665607	0.0260094009650818
RLG_AsatOT3098_Ava_chr7D-234339_TSD	0.682	0.0244003336006206	0.0245677545313415
RLG_AsatOT3098_Ava_chr7D-242461_TSD	1.101	0.0197892900479446	0.00936052536473679
RLG_AsatOT3098_Ava_chr7D-303260_TSD	0.478	0.0266250275233831	0.0251534312462163
RLG_AsatOT3098_Ava_chr7D-321507_TSD	1.224	0.0214575441376196	0.0098271609866338
RLG_AsatOT3098_Ava_chr7D-377669_TSD	0.812	0.0185308174852128	-0.0016946400130372
RLG_AsatOT3098_Ava_chr7D-420647_TSD	0.625	0.0239399060038854	0.0231305315505894
