RLG_AatlCC7277As_Cereba_consensus-1_chr1A-079302_TSD	0.267	-0.0241997679490539	-0.00993901280231495
RLG_AatlCC7277As_Cereba_consensus-1_chr1A-206375_TSD	0.041	-0.0316169995679757	-0.0138699680748987
RLG_AatlCC7277As_Cereba_consensus-1_chr1A-226274_TSD	0.125	-0.0304515951319206	-0.0130529308183211
RLG_AatlCC7277As_Cereba_consensus-1_chr1A-227465_TSD	0.167	-0.0259669108745618	-0.00705680691042301
RLG_AatlCC7277As_Cereba_consensus-1_chr1A-229636_TSD	0.209	-0.0295374278066077	-0.0118617978062728
RLG_AatlCC7277As_Cereba_consensus-1_chr1A-230206_TSD	0.167	-0.031044893664207	-0.0143090184533645
RLG_AatlCC7277As_Cereba_consensus-1_chr1A-231319_TSD	0.251	-0.03303340340233	-0.0164502062070224
RLG_AatlCC7277As_Cereba_consensus-1_chr1A-231348_TSD	0.209	-0.0320140550771857	-0.0146801493616676
RLG_AatlCC7277As_Cereba_consensus-1_chr1A-231394_TSD	0.041	-0.0299957465301915	-0.0116645827420532
RLG_AatlCC7277As_Cereba_consensus-1_chr1A-231501_TSD	0.083	-0.0282191380979618	-0.0110196101381954
RLG_AatlCC7277As_Cereba_consensus-1_chr1A-231914_TSD	0	-0.0322203624625187	-0.014788730120192
RLG_AatlCC7277As_Cereba_consensus-1_chr1A-231943_TSD	0.083	-0.0327901857160069	-0.0143544091062872
RLG_AatlCC7277As_Cereba_consensus-1_chr1A-231957_TSD	0.129	-0.0292489795600302	-0.0101462287294273
RLG_AatlCC7277As_Cereba_consensus-1_chr1A-232646_TSD	0.125	-0.0321759811850763	-0.0140419714078529
RLG_AatlCC7277As_Cereba_consensus-1_chr1A-232682_TSD	0.083	-0.0268770399747253	-0.00943938505298272
RLG_AatlCC7277As_Cereba_consensus-1_chr1A-232823_TSD	0.125	-0.0271494158804449	-0.00749069552440743
RLG_AatlCC7277As_Cereba_consensus-1_chr1A-233257_TSD	0.42	-0.0334368912388759	-0.0166043943206637
RLG_AatlCC7277As_Cereba_consensus-1_chr1A-233378_TSD	0.294	-0.0320313307633318	-0.0147337424102874
RLG_AatlCC7277As_Cereba_consensus-1_chr1A-233396_TSD	0.125	-0.0265316377916321	-0.0110276620950595
RLG_AatlCC7277As_Cereba_consensus-1_chr1A-233544_TSD	0.21	-0.0240239616276659	-0.00816674849430664
RLG_AatlCC7277As_Cereba_consensus-1_chr1A-233795_TSD	0	-0.0278511811436997	-0.0121873048207378
RLG_AatlCC7277As_Cereba_consensus-1_chr1A-233876_TSD	0.083	-0.0300803976326335	-0.01232046003661
RLG_AatlCC7277As_Cereba_consensus-1_chr1A-233915_TSD	0.167	-0.0323589167673714	-0.0161705915958309
RLG_AatlCC7277As_Cereba_consensus-1_chr1A-234069_TSD	0.293	-0.0268383782371135	-0.00620486964593536
RLG_AatlCC7277As_Cereba_consensus-1_chr1A-234114_TSD	0.167	-0.0316055015054977	-0.014516662223973
RLG_AatlCC7277As_Cereba_consensus-1_chr1A-234152_TSD	0.167	-0.0312587741082447	-0.0134527422555964
RLG_AatlCC7277As_Cereba_consensus-1_chr1A-234194_TSD	0.083	-0.0329423247212611	-0.0139270793885187
RLG_AatlCC7277As_Cereba_consensus-1_chr1A-234384_TSD	0.083	-0.0316235141648924	-0.0142485122362915
RLG_AatlCC7277As_Cereba_consensus-1_chr1A-234688_TSD	0.083	-0.0301847550321271	-0.0128394473120453
RLG_AatlCC7277As_Cereba_consensus-1_chr1A-238980_TSD	0.083	-0.0303157476516867	-0.0130805937715529
RLG_AatlCC7277As_Cereba_consensus-1_chr1A-373219_TSD	0.083	-0.031913705713782	-0.0128215214078068
RLG_AatlCC7277As_Cereba_consensus-1_chr1A-526075_TSD	0.251	-0.0321762217004028	-0.0154393919571886
RLG_AatlCC7277As_Cereba_consensus-1_chr2A-061151_TSD	0.083	-0.0312118543329927	-0.0145711415292647
RLG_AatlCC7277As_Cereba_consensus-1_chr2A-151791_TSD	0.083	-0.0282976200197121	-0.00962613908014386
RLG_AatlCC7277As_Cereba_consensus-1_chr2A-169243_TSD	0	-0.0314972828370393	-0.0134201984523929
RLG_AatlCC7277As_Cereba_consensus-1_chr2A-196737_TSD	0	-0.0323301771886433	-0.0137844330257539
RLG_AatlCC7277As_Cereba_consensus-1_chr2A-201973_TSD	0	-0.0285689772023663	-0.00942507469018207
RLG_AatlCC7277As_Cereba_consensus-1_chr2A-202591_TSD	0.041	-0.030516325795749	-0.0138289034427951
RLG_AatlCC7277As_Cereba_consensus-1_chr2A-202729_TSD	0.336	-0.0236777653992798	-0.00438750889677512
RLG_AatlCC7277As_Cereba_consensus-1_chr2A-202866_TSD	0.125	-0.030417908430885	-0.0137786924275548
RLG_AatlCC7277As_Cereba_consensus-1_chr2A-203137_TSD	0.041	-0.0263032486415711	-0.00718753131551223
RLG_AatlCC7277As_Cereba_consensus-1_chr2A-203218_TSD	0	-0.0329793320663217	-0.0157049010518399
RLG_AatlCC7277As_Cereba_consensus-1_chr2A-203327_TSD	0.125	-0.0307822738842393	-0.012967820296776
RLG_AatlCC7277As_Cereba_consensus-1_chr2A-203355_TSD	0.212	-0.0319886934667239	-0.0148985936772752
RLG_AatlCC7277As_Cereba_consensus-1_chr2A-203840_TSD	0.335	-0.0285142013742679	-0.00993362581284162
RLG_AatlCC7277As_Cereba_consensus-1_chr2A-203922_TSD	0.083	-0.0309299168255108	-0.014028714813681
RLG_AatlCC7277As_Cereba_consensus-1_chr2A-203931_TSD	0.083	-0.0296328155028837	-0.0125678931520933
RLG_AatlCC7277As_Cereba_consensus-1_chr2A-203950_TSD	0.041	-0.0307990840025662	-0.0134359999737298
RLG_AatlCC7277As_Cereba_consensus-1_chr2A-204264_TSD	0.293	-0.0296969964748898	-0.0104960547316341
RLG_AatlCC7277As_Cereba_consensus-1_chr2A-204396_TSD	0.125	-0.0272207577885183	-0.00810527826707281
RLG_AatlCC7277As_Cereba_consensus-1_chr2A-204775_TSD	0.293	-0.0323905756868052	-0.0153955123555296
RLG_AatlCC7277As_Cereba_consensus-1_chr2A-204990_TSD	0.293	-0.0335446014075071	-0.0152418407706076
RLG_AatlCC7277As_Cereba_consensus-1_chr2A-205040_TSD	0	-0.0304374013440973	-0.01403255579889
RLG_AatlCC7277As_Cereba_consensus-1_chr2A-205114_TSD	0.13	-0.0287912769475875	-0.0112981848277424
RLG_AatlCC7277As_Cereba_consensus-1_chr2A-205149_TSD	0.209	-0.0312095598334162	-0.0138918969917959
RLG_AatlCC7277As_Cereba_consensus-1_chr2A-205350_TSD	0.083	-0.0323879302083404	-0.0155488871280501
RLG_AatlCC7277As_Cereba_consensus-1_chr2A-205505_TSD	0.251	-0.033243178454833	-0.0143311997262685
RLG_AatlCC7277As_Cereba_consensus-1_chr2A-205521_TSD	0.251	-0.0319672525637448	-0.0161541664586268
RLG_AatlCC7277As_Cereba_consensus-1_chr2A-205636_TSD	0.083	-0.0324696424216485	-0.0136511335357895
RLG_AatlCC7277As_Cereba_consensus-1_chr2A-205729_TSD	0.42	-0.0235844505532378	-0.00603797228919358
RLG_AatlCC7277As_Cereba_consensus-1_chr2A-205749_TSD	0	-0.0332778229853507	-0.0162323836550827
RLG_AatlCC7277As_Cereba_consensus-1_chr2A-205768_TSD	0.167	-0.0329935324609781	-0.0169484248965757
RLG_AatlCC7277As_Cereba_consensus-1_chr2A-205850_TSD	0.209	-0.0289040506491634	-0.0125313458422871
RLG_AatlCC7277As_Cereba_consensus-1_chr2A-205961_TSD	0.167	-0.0323960873208746	-0.0138478932620693
RLG_AatlCC7277As_Cereba_consensus-1_chr2A-206215_TSD	0	-0.0325409961188469	-0.015911929244365
RLG_AatlCC7277As_Cereba_consensus-1_chr2A-207668_TSD	0.293	-0.0240793501259575	-0.00635847619835685
RLG_AatlCC7277As_Cereba_consensus-1_chr2A-208265_TSD	0.251	-0.0258093517518754	-0.00783429700934011
RLG_AatlCC7277As_Cereba_consensus-1_chr2A-210446_TSD	0	-0.0316588396331369	-0.0139869457955447
RLG_AatlCC7277As_Cereba_consensus-1_chr2A-211272_TSD	0.041	-0.0334341616604529	-0.0166170716930967
RLG_AatlCC7277As_Cereba_consensus-1_chr2A-234481_TSD	0.125	-0.0319664692376119	-0.0150128414865994
RLG_AatlCC7277As_Cereba_consensus-1_chr2A-272893_TSD	0.167	-0.0320308918396521	-0.0139607311481114
RLG_AatlCC7277As_Cereba_consensus-1_chr2A-333541_TSD	0.125	-0.0314086252599472	-0.0145109957858611
RLG_AatlCC7277As_Cereba_consensus-1_chr3A-130641_TSD	0.293	-0.0265927621194581	-0.00757629254098162
RLG_AatlCC7277As_Cereba_consensus-1_chr3A-238732_TSD	0.462	-0.023543668993655	-0.00637221371096136
RLG_AatlCC7277As_Cereba_consensus-1_chr3A-257420_TSD	0.21	-0.0321314046619479	-0.0137144720448615
RLG_AatlCC7277As_Cereba_consensus-1_chr3A-257611_TSD	0.336	-0.0264373211529585	-0.00816398362731867
RLG_AatlCC7277As_Cereba_consensus-1_chr3A-257729_TSD	0.339	-0.0267404137050828	-0.00658753177835867
RLG_AatlCC7277As_Cereba_consensus-1_chr3A-258305_TSD	0.083	-0.0318263740933718	-0.0134907715683979
RLG_AatlCC7277As_Cereba_consensus-1_chr3A-258735_TSD	0.339	-0.0257601296982801	-0.00747368691129345
RLG_AatlCC7277As_Cereba_consensus-1_chr3A-258793_TSD	0.729	-0.0235863037095394	-0.00860847991831846
RLG_AatlCC7277As_Cereba_consensus-1_chr3A-258968_TSD	0.167	-0.0319838707446171	-0.0160042602746787
RLG_AatlCC7277As_Cereba_consensus-1_chr3A-259168_TSD	0.167	-0.0264673655154737	-0.00816828496224509
RLG_AatlCC7277As_Cereba_consensus-1_chr3A-259200_TSD	0.167	-0.0248952626618737	-0.00609030613107583
RLG_AatlCC7277As_Cereba_consensus-1_chr3A-259715_TSD	0.167	-0.0317146262273747	-0.0136396885348562
RLG_AatlCC7277As_Cereba_consensus-1_chr3A-260022_TSD	0.334	-0.0230934850688158	-0.00717443241876734
RLG_AatlCC7277As_Cereba_consensus-1_chr3A-260164_TSD	0	-0.0302634630187787	-0.0109030838614324
RLG_AatlCC7277As_Cereba_consensus-1_chr3A-260575_TSD	0.338	-0.0243624575790766	-0.00609144861337841
RLG_AatlCC7277As_Cereba_consensus-1_chr3A-260781_TSD	0.915	-0.0306971807765762	-0.0151869342329733
RLG_AatlCC7277As_Cereba_consensus-1_chr3A-260794_TSD	0.686	-0.0300561476580302	-0.0132763926616034
RLG_AatlCC7277As_Cereba_consensus-1_chr3A-261012_TSD	0.167	-0.0271734302267682	-0.00955443956147536
RLG_AatlCC7277As_Cereba_consensus-1_chr3A-261023_TSD	0.125	-0.0294474829595538	-0.0122402980747868
RLG_AatlCC7277As_Cereba_consensus-1_chr3A-261042_TSD	0.426	-0.0273280430337196	-0.0101012527403238
RLG_AatlCC7277As_Cereba_consensus-1_chr3A-261378_TSD	0.42	-0.0325863342840092	-0.014057463150332
RLG_AatlCC7277As_Cereba_consensus-1_chr3A-261459_TSD	0.335	-0.0233375024707497	-0.0068045976136269
RLG_AatlCC7277As_Cereba_consensus-1_chr3A-261513_TSD	0.041	-0.0320459636411153	-0.0149713546440781
RLG_AatlCC7277As_Cereba_consensus-1_chr3A-261784_TSD	0.125	-0.0256135202674247	-0.00796909842895474
RLG_AatlCC7277As_Cereba_consensus-1_chr3A-262246_TSD	0.167	-0.0274062223828986	-0.0100655739945894
RLG_AatlCC7277As_Cereba_consensus-1_chr3A-262431_TSD	0.167	-0.0275998280131142	-0.0105218539272452
RLG_AatlCC7277As_Cereba_consensus-1_chr3A-262483_TSD	0.083	-0.0291591954122327	-0.0122609402421973
RLG_AatlCC7277As_Cereba_consensus-1_chr3A-262490_TSD	0.041	-0.0248228537460366	-0.00736481568417631
RLG_AatlCC7277As_Cereba_consensus-1_chr3A-262500_TSD	0.041	-0.0296472893851223	-0.0108586248069536
RLG_AatlCC7277As_Cereba_consensus-1_chr3A-262507_TSD	0.083	-0.0248132305672427	-0.00737156787137174
RLG_AatlCC7277As_Cereba_consensus-1_chr3A-262568_TSD	0.422	-0.0321772789132804	-0.0132663904419174
RLG_AatlCC7277As_Cereba_consensus-1_chr3A-262635_TSD	0.083	-0.0315979539109071	-0.0142423589449635
RLG_AatlCC7277As_Cereba_consensus-1_chr3A-262881_TSD	0.125	-0.0292849473206375	-0.0123344152261089
RLG_AatlCC7277As_Cereba_consensus-1_chr3A-263305_TSD	0.345	-0.0251634681471923	-0.00660784170305512
RLG_AatlCC7277As_Cereba_consensus-1_chr3A-267024_TSD	0.041	-0.0322423932118201	-0.0163118255057107
RLG_AatlCC7277As_Cereba_consensus-1_chr3A-307777_TSD	0.167	-0.0303957241335445	-0.0130892332530741
RLG_AatlCC7277As_Cereba_consensus-1_chr3A-349023_TSD	0.041	-0.0320642700101079	-0.0140605154238233
RLG_AatlCC7277As_Cereba_consensus-1_chr3A-482035_TSD	0.209	-0.0279908054703568	-0.00946368115099114
RLG_AatlCC7277As_Cereba_consensus-1_chr3A-494064_TSD	0	-0.031273940309148	-0.0132383366619173
RLG_AatlCC7277As_Cereba_consensus-1_chr4A-169963_TSD	0.335	-0.0249289280470758	-0.00688866572445068
RLG_AatlCC7277As_Cereba_consensus-1_chr4A-189554_TSD	0.041	-0.031175089747482	-0.0141622739039339
RLG_AatlCC7277As_Cereba_consensus-1_chr4A-194327_TSD	0.083	-0.0313219483302898	-0.0157283924683012
RLG_AatlCC7277As_Cereba_consensus-1_chr4A-198722_TSD	0.125	-0.0325445032845135	-0.0147758189747975
RLG_AatlCC7277As_Cereba_consensus-1_chr4A-199219_TSD	0.083	-0.0314197089224916	-0.0160950761263419
RLG_AatlCC7277As_Cereba_consensus-1_chr4A-199250_TSD	0.209	-0.0301448074314446	-0.0129909035385488
RLG_AatlCC7277As_Cereba_consensus-1_chr4A-199328_TSD	0.083	-0.0333969385556996	-0.0154869877743982
RLG_AatlCC7277As_Cereba_consensus-1_chr4A-200112_TSD	0.934	-0.0323432689871245	-0.0170288098735448
RLG_AatlCC7277As_Cereba_consensus-1_chr4A-200382_TSD	0.462	-0.030470309063819	-0.0124494648552003
RLG_AatlCC7277As_Cereba_consensus-1_chr4A-201121_TSD	0.508	-0.0320778088170371	-0.0129688859027016
RLG_AatlCC7277As_Cereba_consensus-1_chr4A-201407_TSD	0.041	-0.0318726994547514	-0.0142451081071176
RLG_AatlCC7277As_Cereba_consensus-1_chr4A-201534_TSD	0	-0.0312478998207219	-0.0136415230820651
RLG_AatlCC7277As_Cereba_consensus-1_chr4A-201575_TSD	0.125	-0.0287339437147676	-0.0108594253671199
RLG_AatlCC7277As_Cereba_consensus-1_chr4A-201798_TSD	0.083	-0.031820548166489	-0.0136760305735964
RLG_AatlCC7277As_Cereba_consensus-1_chr4A-201925_TSD	0.125	-0.0326250602429446	-0.0136519706271775
RLG_AatlCC7277As_Cereba_consensus-1_chr4A-201947_TSD	0.382	-0.0250948802946168	-0.00549286836897131
RLG_AatlCC7277As_Cereba_consensus-1_chr4A-202000_TSD	0.041	-0.0322643268362475	-0.015201105540227
RLG_AatlCC7277As_Cereba_consensus-1_chr4A-202321_TSD	0.083	-0.0321656728629208	-0.0137853595242905
RLG_AatlCC7277As_Cereba_consensus-1_chr4A-202448_TSD	0	-0.0321315537157381	-0.0145882813608292
RLG_AatlCC7277As_Cereba_consensus-1_chr4A-202504_TSD	0.377	-0.0334247341893271	-0.0161020032850787
RLG_AatlCC7277As_Cereba_consensus-1_chr4A-202632_TSD	0	-0.0318236949496356	-0.014277009503132
RLG_AatlCC7277As_Cereba_consensus-1_chr4A-202709_TSD	0.041	-0.0260075563419752	-0.00728793505270366
RLG_AatlCC7277As_Cereba_consensus-1_chr4A-202740_TSD	0	-0.0273880212531953	-0.00814581898772202
RLG_AatlCC7277As_Cereba_consensus-1_chr4A-203073_TSD	0.167	-0.0296492210149325	-0.0123320431276647
RLG_AatlCC7277As_Cereba_consensus-1_chr4A-203531_TSD	0.125	-0.0295039116188622	-0.0115891083718193
RLG_AatlCC7277As_Cereba_consensus-1_chr4A-203731_TSD	0.335	-0.0322962795338813	-0.0159728291229125
RLG_AatlCC7277As_Cereba_consensus-1_chr4A-203805_TSD	0.125	-0.0298033352559044	-0.0131588471311468
RLG_AatlCC7277As_Cereba_consensus-1_chr4A-206081_TSD	0.083	-0.0328826571018265	-0.014718579561723
RLG_AatlCC7277As_Cereba_consensus-1_chr4A-253210_TSD	0.083	-0.0272923379591202	-0.00545645384992959
RLG_AatlCC7277As_Cereba_consensus-1_chr4A-433885_TSD	0.805	-0.0259041077767718	-0.00888943105666455
RLG_AatlCC7277As_Cereba_consensus-1_chr4A-496090_TSD	0.083	-0.032333452030879	-0.0162356087279194
RLG_AatlCC7277As_Cereba_consensus-1_chr5A-192122_TSD	0.125	-0.0276691102363268	-0.00770933309517462
RLG_AatlCC7277As_Cereba_consensus-1_chr5A-274769_TSD	0.335	-0.0274936000341298	-0.0142730415001231
RLG_AatlCC7277As_Cereba_consensus-1_chr5A-276913_TSD	0.041	-0.0335191042590345	-0.0167776760664578
RLG_AatlCC7277As_Cereba_consensus-1_chr5A-277142_TSD	0.041	-0.0324692449642625	-0.0138703382873522
RLG_AatlCC7277As_Cereba_consensus-1_chr5A-277312_TSD	0	-0.0318677722341049	-0.0159854344905363
RLG_AatlCC7277As_Cereba_consensus-1_chr5A-277532_TSD	0.125	-0.0317845662042378	-0.0148885326187577
RLG_AatlCC7277As_Cereba_consensus-1_chr5A-277691_TSD	0.125	-0.0320637756881746	-0.0148530114991552
RLG_AatlCC7277As_Cereba_consensus-1_chr5A-277780_TSD	0.251	-0.030624345044296	-0.0133168360791061
RLG_AatlCC7277As_Cereba_consensus-1_chr5A-277906_TSD	0.125	-0.0272771618362324	-0.00818349653128053
RLG_AatlCC7277As_Cereba_consensus-1_chr5A-278220_TSD	0.378	-0.0267320114880151	-0.0121387299607212
RLG_AatlCC7277As_Cereba_consensus-1_chr5A-278395_TSD	0	-0.0310625453154195	-0.0136559643087962
RLG_AatlCC7277As_Cereba_consensus-1_chr5A-278761_TSD	0.251	-0.0311203010291731	-0.0137476111239795
RLG_AatlCC7277As_Cereba_consensus-1_chr5A-278879_TSD	0	-0.0316091344500181	-0.0157717270032389
RLG_AatlCC7277As_Cereba_consensus-1_chr5A-279277_TSD	0.419	-0.0259642070090289	-0.0121883866651186
RLG_AatlCC7277As_Cereba_consensus-1_chr5A-279705_TSD	0.294	-0.0286146339506145	-0.0122340453410193
RLG_AatlCC7277As_Cereba_consensus-1_chr5A-279732_TSD	0.209	-0.0312384204844383	-0.0140843282666153
RLG_AatlCC7277As_Cereba_consensus-1_chr5A-280306_TSD	0.208	-0.032044798933858	-0.0145684212367934
RLG_AatlCC7277As_Cereba_consensus-1_chr5A-281858_TSD	0.293	-0.0317647436302589	-0.0151886503754799
RLG_AatlCC7277As_Cereba_consensus-1_chr5A-290385_TSD	0.209	-0.0281052955808727	-0.0105236799887912
RLG_AatlCC7277As_Cereba_consensus-1_chr5A-308556_TSD	0.251	-0.0253687351359381	-0.00795177644039867
RLG_AatlCC7277As_Cereba_consensus-1_chr5A-373652_TSD	0.125	-0.0330456013008838	-0.0161570663475994
RLG_AatlCC7277As_Cereba_consensus-1_chr5A-418569_TSD	0.083	-0.0308630386883662	-0.0135470458868582
RLG_AatlCC7277As_Cereba_consensus-1_chr5A-418576_TSD	0.125	-0.0304741308419405	-0.0140643597956669
RLG_AatlCC7277As_Cereba_consensus-1_chr6A-028703_TSD	0.251	-0.0267399303280158	-0.00921863162103843
RLG_AatlCC7277As_Cereba_consensus-1_chr6A-096984_TSD	0.083	-0.0310784518115689	-0.011677387055246
RLG_AatlCC7277As_Cereba_consensus-1_chr6A-111553_TSD	0.293	-0.030972469970145	-0.0144258418104845
RLG_AatlCC7277As_Cereba_consensus-1_chr6A-113468_TSD	0.083	-0.0304297708062564	-0.0132846683378043
RLG_AatlCC7277As_Cereba_consensus-1_chr6A-113882_TSD	0.252	-0.0273282618335221	-0.00959111058475698
RLG_AatlCC7277As_Cereba_consensus-1_chr6A-114166_TSD	0.087	-0.0267748814149489	-0.0106151630662719
RLG_AatlCC7277As_Cereba_consensus-1_chr6A-114450_TSD	0.083	-0.0307149120174518	-0.0147228180560711
RLG_AatlCC7277As_Cereba_consensus-1_chr6A-138872_TSD	0.377	-0.0240509300039564	-0.00519087009785875
RLG_AatlCC7277As_Cereba_consensus-1_chr6A-150785_TSD	0.377	-0.0256111311538734	-0.00773012187110335
RLG_AatlCC7277As_Cereba_consensus-1_chr6A-213960_TSD	0.125	-0.0330026310498215	-0.0142032671642748
RLG_AatlCC7277As_Cereba_consensus-1_chr6A-278483_TSD	0.589	-0.0244969414803941	-0.00641696871174277
RLG_AatlCC7277As_Cereba_consensus-1_chr7A-019479_TSD	0.083	-0.030608685185675	-0.0132062910760145
RLG_AatlCC7277As_Cereba_consensus-1_chr7A-029373_TSD	0	-0.0326972717503663	-0.0158279156614726
RLG_AatlCC7277As_Cereba_consensus-1_chr7A-059350_TSD	0.167	-0.0307817142680441	-0.013962533594579
RLG_AatlCC7277As_Cereba_consensus-1_chr7A-265688_TSD	0.041	-0.0293023643814885	-0.0131783707329927
RLG_AatlCC7277As_Cereba_consensus-1_chr7A-276610_TSD	0.209	-0.0305409617117616	-0.0127786084515369
RLG_AatlCC7277As_Cereba_consensus-1_chr7A-293182_TSD	0.125	-0.0284388687482419	-0.0115532369935812
RLG_AatlCC7277As_Cereba_consensus-1_chr7A-297818_TSD	0.423	-0.0262695252933468	-0.00776560931694258
RLG_AatlCC7277As_Cereba_consensus-1_chr7A-297847_TSD	0.209	-0.0261487078098369	-0.00765161247147911
RLG_AatlCC7277As_Cereba_consensus-1_chr7A-298186_TSD	0.083	-0.0317406289622815	-0.0150766286358295
RLG_AatlCC7277As_Cereba_consensus-1_chr7A-299204_TSD	0.125	-0.0323303245688401	-0.014786688743255
RLG_AatlCC7277As_Cereba_consensus-1_chr7A-304255_TSD	0.041	-0.0319807034460479	-0.0143800712547749
RLG_AatlCC7277As_Cereba_consensus-1_chr7A-312558_TSD	0.377	-0.0248686460591925	-0.00867282881244966
RLG_AatlCC7277As_Cereba_consensus-1_chr7A-312879_TSD	0.293	-0.026855228199756	-0.00824549650140618
RLG_AatlCC7277As_Cereba_consensus-1_chr7A-329722_TSD	0.083	-0.0300507214258284	-0.0127789639900666
RLG_AatlCC7277As_Cereba_consensus-1_chr7A-332833_TSD	0.083	-0.032883116631282	-0.0139939245458694
RLG_AatlCC7277As_Cereba_consensus-1_chr7A-347972_TSD	0.083	-0.02803721813557	-0.0099473510001625
RLG_AatlCC7277As_Cereba_consensus-1_chr7A-365534_TSD	0.167	-0.0314506991191272	-0.0120995996171568
RLG_AatlCC7277As_Cereba_consensus-1_chr7A-377005_TSD	0.209	-0.0319782743608224	-0.0150305805503093
RLG_AlonCN58138Al_Cereba_chr1A-180312_TSD	0.041	-0.0327010164211628	-0.0157432449458478
RLG_AlonCN58138Al_Cereba_chr1A-235462_TSD	0.335	-0.0252913758793743	-0.00609270335964921
RLG_AlonCN58138Al_Cereba_chr1A-235475_TSD	0.083	-0.0330993839117162	-0.0151816931792821
RLG_AlonCN58138Al_Cereba_chr1A-235600_TSD	0.125	-0.026631001326623	-0.00988800609092173
RLG_AlonCN58138Al_Cereba_chr1A-235787_TSD	0.167	-0.0256322933654625	-0.00652280380530289
RLG_AlonCN58138Al_Cereba_chr1A-235882_TSD	0.293	-0.0314137237722997	-0.0114501129585833
RLG_AlonCN58138Al_Cereba_chr1A-236005_TSD	0.125	-0.0324790323766238	-0.0156584670394223
RLG_AlonCN58138Al_Cereba_chr1A-236448_TSD	0.167	-0.0326439960254125	-0.0156238663550132
RLG_AlonCN58138Al_Cereba_chr1A-236746_TSD	0.125	-0.0326361687336858	-0.0139454819492938
RLG_AlonCN58138Al_Cereba_chr1A-236843_TSD	0.125	-0.030604303603894	-0.00961709483811612
RLG_AlonCN58138Al_Cereba_chr1A-236942_TSD	0.167	-0.0318191049113285	-0.0132905723016585
RLG_AlonCN58138Al_Cereba_chr1A-237546_TSD	0.335	-0.0298528229609123	-0.0127948449053625
RLG_AlonCN58138Al_Cereba_chr1A-237654_TSD	0.209	-0.0314509267011708	-0.00918974400257977
RLG_AlonCN58138Al_Cereba_chr1A-238428_TSD	0.083	-0.0304943938411639	-0.0118749516608616
RLG_AlonCN58138Al_Cereba_chr1A-238496_TSD	0.041	-0.0319511003528295	-0.0119960671257586
RLG_AlonCN58138Al_Cereba_chr1A-238514_TSD	0	-0.0305884627544411	-0.0114515587823367
RLG_AlonCN58138Al_Cereba_chr1A-238568_TSD	0.378	-0.0258743462735052	-0.00704181867310918
RLG_AlonCN58138Al_Cereba_chr1A-238697_TSD	0.167	-0.0307133581246224	-0.0135719670922301
RLG_AlonCN58138Al_Cereba_chr1A-238985_TSD	0.125	-0.033096170928589	-0.0160235314432645
RLG_AlonCN58138Al_Cereba_chr1A-239053_TSD	0.167	-0.033410085344626	-0.0156028199487721
RLG_AlonCN58138Al_Cereba_chr1A-239136_TSD	0.167	-0.0300455321739667	-0.00981324565056354
RLG_AlonCN58138Al_Cereba_chr1A-239173_TSD	0.379	-0.0317750692270971	-0.0103994100278939
RLG_AlonCN58138Al_Cereba_chr1A-239295_TSD	0.083	-0.024287444909543	-0.00516286754766025
RLG_AlonCN58138Al_Cereba_chr1A-240142_TSD	0.42	-0.0325123789881398	-0.0124683367089791
RLG_AlonCN58138Al_Cereba_chr1A-240409_TSD	0.167	-0.0267722239410002	-0.00369251398149891
RLG_AlonCN58138Al_Cereba_chr1A-248657_TSD	0.083	-0.0320859890871385	-0.011746400320711
RLG_AlonCN58138Al_Cereba_chr1A-254287_TSD	0.125	-0.026044990453985	-0.00660880844896854
RLG_AlonCN58138Al_Cereba_chr1A-254970_TSD	0.083	-0.0321281754816366	-0.0154334816391304
RLG_AlonCN58138Al_Cereba_chr2A-261308_TSD	0.167	-0.0311666924187559	-0.0167943185039516
RLG_AlonCN58138Al_Cereba_chr2A-279565_TSD	0.167	-0.0317731779999828	-0.0144287454418739
RLG_AlonCN58138Al_Cereba_chr2A-294073_TSD	0.042	-0.0292417725251763	-0.00808151445778744
RLG_AlonCN58138Al_Cereba_chr2A-295025_TSD	0.125	-0.0308380865474903	-0.0109320015456866
RLG_AlonCN58138Al_Cereba_chr2A-295402_TSD	0.167	-0.0301219013288764	-0.00868663660188955
RLG_AlonCN58138Al_Cereba_chr2A-295829_TSD	0.125	-0.0322806731216188	-0.0123434089622188
RLG_AlonCN58138Al_Cereba_chr2A-296379_TSD	0.677	-0.0271542643422834	-0.0103534577937516
RLG_AlonCN58138Al_Cereba_chr2A-296408_TSD	0.083	-0.0289366423960524	-0.0125482633911154
RLG_AlonCN58138Al_Cereba_chr2A-296952_TSD	0.083	-0.0329062992981281	-0.0142795023596332
RLG_AlonCN58138Al_Cereba_chr2A-297191_TSD	0.209	-0.0275653997971035	-0.00589291929270543
RLG_AlonCN58138Al_Cereba_chr2A-297627_TSD	0.167	-0.0325974742798095	-0.0157659974198463
RLG_AlonCN58138Al_Cereba_chr2A-297729_TSD	0.167	-0.0288814773198648	-0.011913625597879
RLG_AlonCN58138Al_Cereba_chr2A-297917_TSD	0.041	-0.02901974971379	-0.00789001527498963
RLG_AlonCN58138Al_Cereba_chr2A-297939_TSD	0.293	-0.0295260671444245	-0.012073690135125
RLG_AlonCN58138Al_Cereba_chr2A-298015_TSD	0.167	-0.0311637743978951	-0.0121127428018433
RLG_AlonCN58138Al_Cereba_chr2A-298063_TSD	0	-0.0316091377014715	-0.0112787486463246
RLG_AlonCN58138Al_Cereba_chr2A-298120_TSD	0.125	-0.0276046204770864	-0.0107675750072849
RLG_AlonCN58138Al_Cereba_chr2A-298207_TSD	0.125	-0.0332584185472541	-0.0161439500086342
RLG_AlonCN58138Al_Cereba_chr2A-298342_TSD	0.041	-0.0310791808980521	-0.0133096416410904
RLG_AlonCN58138Al_Cereba_chr2A-298428_TSD	0.083	-0.0318837541624693	-0.0151200749220129
RLG_AlonCN58138Al_Cereba_chr2A-298586_TSD	0.251	-0.0269174950960889	-0.00966452483184523
RLG_AlonCN58138Al_Cereba_chr2A-298773_TSD	0.167	-0.0326618144686556	-0.0142123764108102
RLG_AlonCN58138Al_Cereba_chr2A-298787_TSD	0.125	-0.0315805899760604	-0.00988700473280642
RLG_AlonCN58138Al_Cereba_chr2A-298862_TSD	0.083	-0.0330795428179994	-0.0165608700075117
RLG_AlonCN58138Al_Cereba_chr2A-299176_TSD	0.041	-0.031725891302526	-0.0133247402411309
RLG_AlonCN58138Al_Cereba_chr2A-299266_TSD	0.251	-0.0301423411373057	-0.00871925909663355
RLG_AlonCN58138Al_Cereba_chr2A-299322_TSD	0.083	-0.0323706702746873	-0.0142695121413965
RLG_AlonCN58138Al_Cereba_chr2A-299355_TSD	0.125	-0.0306739433055492	-0.00951289083837809
RLG_AlonCN58138Al_Cereba_chr2A-299589_TSD	0.251	-0.030352871032964	-0.010384910557006
RLG_AlonCN58138Al_Cereba_chr2A-299667_TSD	0.125	-0.0314514258706358	-0.0130601630698182
RLG_AlonCN58138Al_Cereba_chr2A-299832_TSD	0.209	-0.0316964780427506	-0.0118164781123493
RLG_AlonCN58138Al_Cereba_chr2A-299922_TSD	0.167	-0.0313139882170611	-0.0146407642940978
RLG_AlonCN58138Al_Cereba_chr2A-300010_TSD	0.167	-0.0266711622361669	-0.00935481877160833
RLG_AlonCN58138Al_Cereba_chr2A-300098_TSD	0.251	-0.0310418666596043	-0.0144577152291405
RLG_AlonCN58138Al_Cereba_chr2A-301156_TSD	0.167	-0.0325049373008531	-0.0135192974497201
RLG_AlonCN58138Al_Cereba_chr2A-301240_TSD	0.167	-0.0289478741230176	-0.0114591128135873
RLG_AlonCN58138Al_Cereba_chr2A-303555_TSD	0.209	-0.0289447898946684	-0.0104242939534189
RLG_AlonCN58138Al_Cereba_chr2A-492550_TSD	0	-0.0300024090453562	-0.0133298851321944
RLG_AlonCN58138Al_Cereba_chr3A-032668_TSD	0.251	-0.0248691235033901	-0.006035310470086
RLG_AlonCN58138Al_Cereba_chr3A-139144_TSD	0.125	-0.0258936812593611	-0.00659633190040203
RLG_AlonCN58138Al_Cereba_chr3A-203237_TSD	0.167	-0.0264091280712495	-0.00974902597279472
RLG_AlonCN58138Al_Cereba_chr3A-262638_TSD	0.167	-0.0293401292511274	-0.0133749798995896
RLG_AlonCN58138Al_Cereba_chr3A-262883_TSD	0.209	-0.0330719794864214	-0.0140582012011944
RLG_AlonCN58138Al_Cereba_chr3A-262920_TSD	0.042	-0.0311630908859132	-0.012557633050957
RLG_AlonCN58138Al_Cereba_chr3A-263743_TSD	0.083	-0.029902315887842	-0.0130040932481546
RLG_AlonCN58138Al_Cereba_chr3A-264208_TSD	0.125	-0.0324557500763345	-0.0124536853005284
RLG_AlonCN58138Al_Cereba_chr3A-264323_TSD	0.209	-0.029502960041421	-0.0121883883762723
RLG_AlonCN58138Al_Cereba_chr3A-264487_TSD	0.083	-0.0324143437709971	-0.0152913605157396
RLG_AlonCN58138Al_Cereba_chr3A-264586_TSD	0.041	-0.0333812194413556	-0.0161936167159724
RLG_AlonCN58138Al_Cereba_chr3A-264856_TSD	0.041	-0.0280426270518897	-0.0134976260426869
RLG_AlonCN58138Al_Cereba_chr3A-264973_TSD	0.335	-0.0250112681578301	-0.00628039090622366
RLG_AlonCN58138Al_Cereba_chr3A-265142_TSD	0.041	-0.0300310099852658	-0.0082869903533274
RLG_AlonCN58138Al_Cereba_chr3A-265498_TSD	0.125	-0.0279895357265388	-0.0134345896048146
RLG_AlonCN58138Al_Cereba_chr3A-265890_TSD	0.083	-0.0277940330872505	-0.0103383338054695
RLG_AlonCN58138Al_Cereba_chr3A-265927_TSD	0.125	-0.0292638055034072	-0.0080356377346475
RLG_AlonCN58138Al_Cereba_chr3A-265992_TSD	0.167	-0.0311341067809442	-0.00925700713699967
RLG_AlonCN58138Al_Cereba_chr3A-266134_TSD	0.083	-0.0316711816318838	-0.0121654348282714
RLG_AlonCN58138Al_Cereba_chr3A-266169_TSD	0.209	-0.0314263700012713	-0.0108933686700313
RLG_AlonCN58138Al_Cereba_chr3A-266187_TSD	0.125	-0.0275848511124344	-0.00714380739707962
RLG_AlonCN58138Al_Cereba_chr3A-266239_TSD	0.041	-0.0317156749279839	-0.0110813226518172
RLG_AlonCN58138Al_Cereba_chr3A-266429_TSD	0.335	-0.0311930182373152	-0.0107148345316033
RLG_AlonCN58138Al_Cereba_chr3A-266626_TSD	0.125	-0.0328198689405155	-0.0127274019580494
RLG_AlonCN58138Al_Cereba_chr3A-266783_TSD	0.083	-0.0306547735268426	-0.0109856421624645
RLG_AlonCN58138Al_Cereba_chr3A-266904_TSD	0.251	-0.0291278447758317	-0.00938663497065325
RLG_AlonCN58138Al_Cereba_chr3A-267014_TSD	0.041	-0.0324014520867777	-0.0138807655063964
RLG_AlonCN58138Al_Cereba_chr3A-267215_TSD	0.167	-0.0329457963432417	-0.0142758818123048
RLG_AlonCN58138Al_Cereba_chr3A-267714_TSD	0.251	-0.0302803932820368	-0.0139057258837881
RLG_AlonCN58138Al_Cereba_chr3A-268055_TSD	0.21	-0.0329211749477719	-0.016047496502851
RLG_AlonCN58138Al_Cereba_chr3A-268142_TSD	0.083	-0.0277502606568227	-0.0113585038926502
RLG_AlonCN58138Al_Cereba_chr3A-269023_TSD	0.675	-0.0278175496082836	-0.00601159167927038
RLG_AlonCN58138Al_Cereba_chr3A-270023_TSD	0.209	-0.0323478326310498	-0.013616105088923
RLG_AlonCN58138Al_Cereba_chr4A-146511_TSD	0.209	-0.0273821747766428	-0.0114756921059705
RLG_AlonCN58138Al_Cereba_chr4A-151505_TSD	0.083	-0.0287428206872931	-0.00770922243807521
RLG_AlonCN58138Al_Cereba_chr4A-157943_TSD	0.125	-0.0293642995961115	-0.0126434064267053
RLG_AlonCN58138Al_Cereba_chr4A-160175_TSD	0.041	-0.029431043931917	-0.00832071622102181
RLG_AlonCN58138Al_Cereba_chr4A-160215_TSD	0.293	-0.0311884036127867	-0.0137863303028678
RLG_AlonCN58138Al_Cereba_chr4A-160353_TSD	0.125	-0.0263428858571362	-0.00861343329369435
RLG_AlonCN58138Al_Cereba_chr4A-160420_TSD	0.125	-0.0284488434287556	-0.0124466957126886
RLG_AlonCN58138Al_Cereba_chr4A-161042_TSD	0.167	-0.0319214716231315	-0.0146427639122423
RLG_AlonCN58138Al_Cereba_chr4A-161454_TSD	0	-0.0288925474273827	-0.00888532339184282
RLG_AlonCN58138Al_Cereba_chr4A-161989_TSD	0.251	-0.0276604353437029	-0.0105429871861383
RLG_AlonCN58138Al_Cereba_chr4A-162102_TSD	0.083	-0.0263782436822495	-0.00998234750351826
RLG_AlonCN58138Al_Cereba_chr4A-162533_TSD	0.125	-0.0293426155103909	-0.0087601872733703
RLG_AlonCN58138Al_Cereba_chr4A-162847_TSD	0.083	-0.0291408326538415	-0.00799771613439035
RLG_AlonCN58138Al_Cereba_chr4A-163132_TSD	0.125	-0.0273267109156854	-0.0108854819210364
RLG_AlonCN58138Al_Cereba_chr4A-163851_TSD	0	-0.0287037556922107	-0.00886876663579572
RLG_AlonCN58138Al_Cereba_chr4A-163917_TSD	0	-0.0251903044226469	-0.00675866047371469
RLG_AlonCN58138Al_Cereba_chr4A-164020_TSD	0.209	-0.0320841811383904	-0.0149137502714677
RLG_AlonCN58138Al_Cereba_chr4A-164103_TSD	0.167	-0.0293050341277966	-0.0129893012266176
RLG_AlonCN58138Al_Cereba_chr4A-164175_TSD	0.125	-0.0280120532753883	-0.0106330597236267
RLG_AlonCN58138Al_Cereba_chr4A-164370_TSD	0.125	-0.0278600668857386	-0.0070182454289729
RLG_AlonCN58138Al_Cereba_chr4A-164689_TSD	0.083	-0.0250563295963417	-0.00726530582394495
RLG_AlonCN58138Al_Cereba_chr4A-165058_TSD	0.083	-0.0292120901491341	-0.00814845156891082
RLG_AlonCN58138Al_Cereba_chr4A-165226_TSD	0	-0.0288108378693925	-0.00780966492931643
RLG_AlonCN58138Al_Cereba_chr4A-165263_TSD	0	-0.0280581194229252	-0.0116697757503473
RLG_AlonCN58138Al_Cereba_chr4A-165433_TSD	0.125	-0.0281177432050863	-0.00800258251415482
RLG_AlonCN58138Al_Cereba_chr4A-165544_TSD	0.083	-0.0274848963630488	-0.0128878301070646
RLG_AlonCN58138Al_Cereba_chr4A-165767_TSD	0.125	-0.0259682463888991	-0.00563267458642198
RLG_AlonCN58138Al_Cereba_chr4A-165910_TSD	0.209	-0.0294040305440623	-0.00804574874112579
RLG_AlonCN58138Al_Cereba_chr4A-166023_TSD	0.167	-0.0279850958849548	-0.00608924466715491
RLG_AlonCN58138Al_Cereba_chr4A-166380_TSD	0.209	-0.029983607399504	-0.0102226094358732
RLG_AlonCN58138Al_Cereba_chr4A-166762_TSD	0.377	-0.0300213000115439	-0.00875244194951359
RLG_AlonCN58138Al_Cereba_chr4A-167094_TSD	0.125	-0.028699364193299	-0.0128421155038573
RLG_AlonCN58138Al_Cereba_chr4A-167123_TSD	0.041	-0.027817555512293	-0.00717640561103881
RLG_AlonCN58138Al_Cereba_chr4A-167248_TSD	0.041	-0.0284986318305438	-0.00713193141146934
RLG_AlonCN58138Al_Cereba_chr4A-167457_TSD	0.125	-0.0292988648450468	-0.0081088122474249
RLG_AlonCN58138Al_Cereba_chr4A-168193_TSD	0.041	-0.0279305208698579	-0.0083183776926743
RLG_AlonCN58138Al_Cereba_chr4A-168256_TSD	0.209	-0.0251079401856058	-0.00392354110732261
RLG_AlonCN58138Al_Cereba_chr4A-168627_TSD	0.083	-0.0263313582493599	-0.00884913763325616
RLG_AlonCN58138Al_Cereba_chr4A-168734_TSD	0.209	-0.0286256344767545	-0.00590939568204738
RLG_AlonCN58138Al_Cereba_chr4A-169821_TSD	0.209	-0.0323975298751324	-0.0140360832193078
RLG_AlonCN58138Al_Cereba_chr4A-175843_TSD	0.083	-0.028884901020515	-0.00851500199159247
RLG_AlonCN58138Al_Cereba_chr4A-229968_TSD	0.125	-0.0294662744556147	-0.0127142382278679
RLG_AlonCN58138Al_Cereba_chr4A-324743_TSD	0.041	-0.0276364426802571	-0.00899005516822518
RLG_AlonCN58138Al_Cereba_chr5A-261504_TSD	0.209	-0.0300836982212769	-0.00905908890501847
RLG_AlonCN58138Al_Cereba_chr5A-285656_TSD	0.083	-0.0301223814981474	-0.0091507383843099
RLG_AlonCN58138Al_Cereba_chr5A-286003_TSD	0.167	-0.0292506803413115	-0.00666232347509784
RLG_AlonCN58138Al_Cereba_chr5A-286188_TSD	0.377	-0.0303337097962985	-0.00889158324734441
RLG_AlonCN58138Al_Cereba_chr5A-286942_TSD	0.293	-0.0278729889864672	-0.0083909820728347
RLG_AlonCN58138Al_Cereba_chr5A-286960_TSD	0.083	-0.0306214831351864	-0.00903671744596701
RLG_AlonCN58138Al_Cereba_chr5A-287864_TSD	0.125	-0.0294730475086081	-0.0081179269469289
RLG_AlonCN58138Al_Cereba_chr5A-288110_TSD	0.209	-0.0290298576575465	-0.00724711069796121
RLG_AlonCN58138Al_Cereba_chr5A-288340_TSD	0.167	-0.0291361689088527	-0.00726349759976559
RLG_AlonCN58138Al_Cereba_chr5A-289200_TSD	0.209	-0.0309763842912819	-0.0093538763223903
RLG_AlonCN58138Al_Cereba_chr5A-289473_TSD	0.251	-0.0307855100634927	-0.0090386024502626
RLG_AlonCN58138Al_Cereba_chr5A-289794_TSD	0.125	-0.026359661409526	-0.00863574144099886
RLG_AlonCN58138Al_Cereba_chr5A-290442_TSD	0.209	-0.0285537491119116	-0.00857057880710475
RLG_AlonCN58138Al_Cereba_chr5A-393874_TSD	0.125	-0.031360857119206	-0.0133608776584034
RLG_AlonCN58138Al_Cereba_chr5A-430869_TSD	0.335	-0.0309376135233993	-0.0142368559119106
RLG_AlonCN58138Al_Cereba_chr6A-041265_TSD	0.041	-0.02957126693739	-0.00852141337076641
RLG_AlonCN58138Al_Cereba_chr6A-125502_TSD	0.041	-0.0289845627925353	-0.00852749243188915
RLG_AlonCN58138Al_Cereba_chr6A-201301_TSD	0.377	-0.030358549211013	-0.00862600208712832
RLG_AlonCN58138Al_Cereba_chr6A-201978_TSD	0.083	-0.0298595973041197	-0.00775892070021647
RLG_AlonCN58138Al_Cereba_chr6A-202039_TSD	0.293	-0.0297554507363184	-0.00854726327605187
RLG_AlonCN58138Al_Cereba_chr6A-202393_TSD	0.209	-0.0297643886469451	-0.00854352566881035
RLG_AlonCN58138Al_Cereba_chr6A-202461_TSD	0.125	-0.0304542075426786	-0.0093141730702094
RLG_AlonCN58138Al_Cereba_chr6A-202843_TSD	0.125	-0.0320429124830555	-0.0111287528132275
RLG_AlonCN58138Al_Cereba_chr6A-203238_TSD	0.041	-0.0304161459539534	-0.00909281726563092
RLG_AlonCN58138Al_Cereba_chr6A-203568_TSD	0.042	-0.0307030223511069	-0.0099829351858111
RLG_AlonCN58138Al_Cereba_chr6A-203865_TSD	0.293	-0.0280246570199978	-0.00838891789796627
RLG_AlonCN58138Al_Cereba_chr6A-204213_TSD	0.251	-0.0296127580781476	-0.00782994474394002
RLG_AlonCN58138Al_Cereba_chr6A-205082_TSD	0.167	-0.0305917259971508	-0.00953116652999521
RLG_AlonCN58138Al_Cereba_chr6A-205798_TSD	0.041	-0.0318369417795181	-0.0115321731800015
RLG_AlonCN58138Al_Cereba_chr6A-206382_TSD	0.419	-0.0301613705673559	-0.009337064118664
RLG_AlonCN58138Al_Cereba_chr6A-206617_TSD	0.083	-0.0268601652998426	-0.00878182157398529
RLG_AlonCN58138Al_Cereba_chr6A-207571_TSD	0.251	-0.0296077410406459	-0.00834050033066162
RLG_AlonCN58138Al_Cereba_chr6A-207862_TSD	0.083	-0.029882146908754	-0.00835396340290848
RLG_AlonCN58138Al_Cereba_chr6A-208161_TSD	0.167	-0.0283041782688466	-0.00728132765472397
RLG_AlonCN58138Al_Cereba_chr6A-235663_TSD	0.293	-0.0301066157019563	-0.00961674544911811
RLG_AlonCN58138Al_Cereba_chr7A-311708_TSD	0.083	-0.0289019064246247	-0.00795805343326954
RLG_AlonCN58138Al_Cereba_chr7A-314814_TSD	0.167	-0.0309774935885489	-0.00902540319114187
RLG_AlonCN58138Al_Cereba_chr7A-315489_TSD	0.209	-0.0300584164682072	-0.00904046766263463
RLG_AlonCN58138Al_Cereba_chr7A-315548_TSD	0.083	-0.027046892977276	-0.00775037822390962
RLG_AlonCN58138Al_Cereba_chr7A-316479_TSD	0.083	-0.026839453374645	-0.00799999186465348
RLG_AlonCN58138Al_Cereba_chr7A-316697_TSD	0.041	-0.029256868818642	-0.0102100921386987
RLG_AlonCN58138Al_Cereba_chr7A-316704_TSD	0.041	-0.0293035606839665	-0.0102937266556847
RLG_AlonCN58138Al_Cereba_chr7A-317539_TSD	0.167	-0.0291222388247911	-0.00769879757577192
RLG_AlonCN58138Al_Cereba_chr7A-317683_TSD	0.041	-0.0323011894825074	-0.0153783533656972
RLG_AlonCN58138Al_Cereba_chr7A-317754_TSD	0.251	-0.0289003613443385	-0.00797116099980455
RLG_AlonCN58138Al_Cereba_chr7A-317849_TSD	0.293	-0.0307210635264434	-0.0097263122832676
RLG_AlonCN58138Al_Cereba_chr7A-318477_TSD	0.209	-0.0256072254202695	-0.0072936812267599
RLG_AlonCN58138Al_Cereba_chr7A-318786_TSD	0.125	-0.0302692144856455	-0.0074765452045223
RLG_AlonCN58138Al_Cereba_chr7A-319223_TSD	0.209	-0.0295589682658257	-0.0103342398072434
RLG_AlonCN58138Al_Cereba_chr7A-319783_TSD	0.59	-0.02420101983021	-0.00483146595870955
RLG_AlonCN58138Al_Cereba_chr7A-319840_TSD	0.125	-0.0291945288140804	-0.00752246162762103
RLG_AlonCN58138Al_Cereba_chr7A-320098_TSD	0.041	-0.0298870855346299	-0.00756113653504394
RLG_AlonCN58138Al_Cereba_chr7A-320448_TSD	0.378	-0.0252557725378477	-0.00514454126136705
RLG_AlonCN58138Al_Cereba_chr7A-320866_TSD	0.125	-0.0299490314359	-0.00912497605087529
RLG_AlonCN58138Al_Cereba_chr7A-320937_TSD	0.167	-0.0310281876166659	-0.00960783249283924
RLG_AlonCN58138Al_Cereba_chr7A-321080_TSD	0.378	-0.0283291004135327	-0.00716082463381787
RLG_AlonCN58138Al_Cereba_chr7A-321623_TSD	0.293	-0.0305704898234986	-0.00834448001050495
RLG_AlonCN58138Al_Cereba_chr7A-321717_TSD	0.083	-0.0277271420752282	-0.0072752522777526
RLG_AsatOT3098_Cereba_chr3A-025961_TSD	0.125	-0.0303153335721229	-0.0130643043699083
RLG_AsatOT3098_Cereba_chr6C-395923_TSD	0	-0.0320747496925357	-0.0117543421160423
