RLG_AatlCC7277As_Cereba_consensus-1_chr5A-385186_TSD	0.804	0.00733635988868996	0.025544114616569
RLG_AinsBYU209_Cereba_chr1D-142766_TSD	0.59	0.0103779381025979	0.0251889530361108
RLG_AinsBYU209_Cereba_chr1D-142906_TSD	0.378	0.00827469557550878	0.0255996592818441
RLG_AinsBYU209_Cereba_chr1D-143021_TSD	0.59	0.00986856441868201	0.0253591488907364
RLG_AinsBYU209_Cereba_chr1D-143321_TSD	0.505	0.00833426042778148	0.0238772383382083
RLG_AinsBYU209_Cereba_chr2D-170460_TSD	0.655	0.0114937964188994	0.0243062500018455
RLG_AinsBYU209_Cereba_chr2D-175853_TSD	0.378	0.00843397544660867	0.0247725358154037
RLG_AinsBYU209_Cereba_chr2D-177050_TSD	1.193	0.0117995467749287	0.0248662775803652
RLG_AinsBYU209_Cereba_chr2D-177243_TSD	0.377	0.0108593767255253	0.0244471605396051
RLG_AinsBYU209_Cereba_chr2D-177512_TSD	0.55	0.00750247084761303	0.0224348528234048
RLG_AinsBYU209_Cereba_chr2D-178310_TSD	0.676	0.0079314708565708	0.0243933808544731
RLG_AinsBYU209_Cereba_chr2D-178667_TSD	0.336	0.00850634348097357	0.0267622311732841
RLG_AinsBYU209_Cereba_chr2D-179393_TSD	0.889	0.00966974939831949	0.0249876108218877
RLG_AinsBYU209_Cereba_chr2D-179600_TSD	0.676	0.010166258619252	0.0226808582853711
RLG_AinsBYU209_Cereba_chr2D-180332_TSD	0.548	0.00953785791388715	0.0243520766802505
RLG_AinsBYU209_Cereba_chr2D-234961_TSD	0.378	0.0102771519218397	0.0246495688135113
RLG_AinsBYU209_Cereba_chr2D-368581_TSD	0.762	0.0107383375283601	0.0244496559194345
RLG_AinsBYU209_Cereba_chr3D-167913_TSD	0.634	0.00865633978064129	0.0236048551839973
RLG_AinsBYU209_Cereba_chr3D-199756_TSD	0.59	0.0103801199383588	0.0238922808896612
RLG_AinsBYU209_Cereba_chr3D-200451_TSD	0.378	0.0101704204187821	0.0246773912991138
RLG_AinsBYU209_Cereba_chr3D-200472_TSD	0.377	0.00867351588599052	0.0227925537310425
RLG_AinsBYU209_Cereba_chr3D-202414_TSD	0.589	0.0112409392216627	0.0240069909407263
RLG_AinsBYU209_Cereba_chr3D-202928_TSD	0.977	0.0101040980334925	0.0233206918598499
RLG_AinsBYU209_Cereba_chr3D-217525_TSD	0.632	0.00987010523559275	0.0236782303381848
RLG_AinsBYU209_Cereba_chr3D-236899_TSD	0.506	0.00799272058629641	0.0268748129146391
RLG_AinsBYU209_Cereba_chr3D-321362_TSD	0.592	0.0100878110738532	0.0242602736192752
RLG_AinsBYU209_Cereba_chr3D-353433_TSD	0.463	0.00988508693470674	0.0238295731046157
RLG_AinsBYU209_Cereba_chr4D-157527_TSD	1.02	0.0100943507586158	0.0230125979399346
RLG_AinsBYU209_Cereba_chr4D-320425_TSD	0.762	0.0107325032138732	0.0252906364712779
RLG_AinsBYU209_Cereba_chr5D-099529_TSD	0.547	0.0105120977593989	0.0259777209837567
RLG_AinsBYU209_Cereba_chr5D-178611_TSD	0.634	0.0104020613887754	0.0267627129494126
RLG_AinsBYU209_Cereba_chr5D-179560_TSD	0.633	0.0102256756834019	0.0247826410722061
RLG_AinsBYU209_Cereba_chr5D-179786_TSD	0.591	0.00889726538471775	0.0242616833742177
RLG_AinsBYU209_Cereba_chr5D-179936_TSD	0.634	0.00847267786027062	0.0254610981558366
RLG_AinsBYU209_Cereba_chr5D-180226_TSD	0.761	0.00825612805870158	0.0233377631769859
RLG_AinsBYU209_Cereba_chr5D-181638_TSD	0.42	0.0108159449358537	0.0244274604939518
RLG_AinsBYU209_Cereba_chr5D-181831_TSD	0.591	0.00901030170134895	0.0255680315564731
RLG_AinsBYU209_Cereba_chr5D-181871_TSD	0.633	0.00928324374866087	0.0232946061040622
RLG_AinsBYU209_Cereba_chr5D-214213_TSD	0.761	0.00866737314699595	0.0222344574691816
RLG_AinsBYU209_Cereba_chr6D-172044_TSD	0.42	0.00885353126419529	0.0261574901879756
RLG_AinsBYU209_Cereba_chr6D-205068_TSD	0.848	0.0109849874072212	0.0245038910100603
RLG_AinsBYU209_Cereba_chr6D-208642_TSD	0.505	0.00874790549650031	0.024835492317584
RLG_AinsBYU209_Cereba_chr6D-217513_TSD	0.467	0.0110579376443934	0.0228156050947317
RLG_AinsBYU209_Cereba_chr6D-217599_TSD	0.548	0.0111353499124227	0.0241552435434902
RLG_AinsBYU209_Cereba_chr6D-220098_TSD	0.378	0.00937763360876697	0.0245335892500723
RLG_AinsBYU209_Cereba_chr6D-220497_TSD	0.547	0.00983989228912476	0.0250908127786337
RLG_AinsBYU209_Cereba_chr6D-275426_TSD	0.547	0.0086247430001874	0.0230168697126532
RLG_AinsBYU209_Cereba_chr6D-301891_TSD	0.676	0.00939509272056976	0.0252475768096858
RLG_AinsBYU209_Cereba_chr6D-361606_TSD	0.635	0.00937273975998345	0.0250577808505025
RLG_AinsBYU209_Cereba_chr7D-046423_TSD	0.59	0.0102877330189624	0.0264290826394975
RLG_AinsBYU209_Cereba_chr7D-152734_TSD	0.76	0.010824254948502	0.0251102502035253
RLG_AinsBYU209_Cereba_chr7D-179546_TSD	0.937	0.011002136604266	0.025965469053715
RLG_AinsBYU209_Cereba_chr7D-238246_TSD	0.547	0.00950038808689945	0.0224606898262549
RLG_AinsBYU209_Cereba_chr7D-250186_TSD	0.293	0.00735780868025884	0.0238373073602208
RLG_AinsBYU209_Cereba_chr7D-250260_TSD	0.467	0.0110663250146962	0.0242016871864995
RLG_AinsBYU209_Cereba_chr7D-251042_TSD	0.857	0.0101978129849744	0.0246577003249852
RLG_AinsBYU209_Cereba_chr7D-251051_TSD	0.591	0.010895495757289	0.0258936439039165
RLG_AinsBYU209_Cereba_chr7D-251132_TSD	0.462	0.00926168822330221	0.023884028411487
RLG_AinsBYU209_Cereba_chr7D-252594_TSD	0.692	0.00878287570611038	0.0221782980768098
RLG_AinsBYU209_Cereba_chr7D-253480_TSD	0.467	0.00891972036250847	0.0239801314093785
RLG_AinsBYU209_Cereba_chr7D-257721_TSD	0.548	0.0116750916220909	0.0242892619072717
RLG_AinsBYU209_Cereba_chr7D-272387_TSD	0.463	0.00965509098035548	0.0254451262542493
RLG_AsatOT3098_Cereba_chr1D-147312_TSD	0.514	0.00870039713512508	0.0235247289045358
RLG_AsatOT3098_Cereba_chr1D-148824_TSD	0.676	0.00830111593394038	0.0232423305513424
RLG_AsatOT3098_Cereba_chr1D-149045_TSD	0.463	0.00948633216722523	0.0250544003869326
RLG_AsatOT3098_Cereba_chr1D-149142_TSD	0.507	0.00967306995243098	0.0247710386254777
RLG_AsatOT3098_Cereba_chr1D-149448_TSD	0.633	0.00899208593585727	0.0235897769730412
RLG_AsatOT3098_Cereba_chr1D-237496_TSD	0.762	0.00765742154887832	0.0237183303437189
RLG_AsatOT3098_Cereba_chr1D-353629_TSD	0.55	0.00922062919345003	0.0245814506579995
RLG_AsatOT3098_Cereba_chr2A-169311_TSD	0.675	0.00920787074190479	0.0248450173974068
RLG_AsatOT3098_Cereba_chr2D-201730_TSD	0.167	0.00774504188681787	0.0234821095429034
RLG_AsatOT3098_Cereba_chr2D-360400_TSD	0.675	0.0117483193439985	0.0249548663241374
RLG_AsatOT3098_Cereba_chr2D-365832_TSD	0.506	0.00869938655530736	0.0252942655222937
RLG_AsatOT3098_Cereba_chr2D-367137_TSD	0.59	0.00963797557986253	0.0257020022730595
RLG_AsatOT3098_Cereba_chr2D-367348_TSD	0.547	0.00999846399659831	0.026055101072808
RLG_AsatOT3098_Cereba_chr2D-368251_TSD	0.506	0.00874667899934828	0.0254176231333289
RLG_AsatOT3098_Cereba_chr2D-368276_TSD	0.639	0.00953473069196185	0.0230781928010706
RLG_AsatOT3098_Cereba_chr2D-369478_TSD	0.335	0.0077985901788	0.0255376919868833
RLG_AsatOT3098_Cereba_chr2D-370074_TSD	0.59	0.0103726549269405	0.0264624822786892
RLG_AsatOT3098_Cereba_chr2D-370109_TSD	0.335	0.00950131500121324	0.0220262839748917
RLG_AsatOT3098_Cereba_chr2D-370124_TSD	0.506	0.00865125861357396	0.0252901688268187
RLG_AsatOT3098_Cereba_chr2D-370217_TSD	0.59	0.00987043219571295	0.0269323084894773
RLG_AsatOT3098_Cereba_chr2D-370252_TSD	0.335	0.00950131500121324	0.0220262839748917
RLG_AsatOT3098_Cereba_chr2D-370267_TSD	0.506	0.00865125861357396	0.0252901688268187
RLG_AsatOT3098_Cereba_chr2D-370605_TSD	0.293	0.0110676677554627	0.0228848203376947
RLG_AsatOT3098_Cereba_chr2D-370900_TSD	0.719	0.00767201779798032	0.0233889761164223
RLG_AsatOT3098_Cereba_chr2D-370949_TSD	0.548	0.00800506398095038	0.0244748388743763
RLG_AsatOT3098_Cereba_chr2D-372325_TSD	0.547	0.0099839403070805	0.0226418769007252
RLG_AsatOT3098_Cereba_chr2D-372510_TSD	0.335	0.0110883007771608	0.0239801673882421
RLG_AsatOT3098_Cereba_chr2D-372563_TSD	0.548	0.00803700684350791	0.0231222383904054
RLG_AsatOT3098_Cereba_chr2D-373252_TSD	0.633	0.00995741352215829	0.0252092951239095
RLG_AsatOT3098_Cereba_chr2D-431499_TSD	0.548	0.010611543243123	0.0250484943031419
RLG_AsatOT3098_Cereba_chr3A-241786_TSD	0.462	0.00836105089394314	0.0227246481244728
RLG_AsatOT3098_Cereba_chr3D-158442_TSD	0.251	0.00871508902813035	0.0262422540492562
RLG_AsatOT3098_Cereba_chr3D-165764_TSD	0.806	0.00936346875062318	0.023544021985613
RLG_AsatOT3098_Cereba_chr3D-204553_TSD	0.548	0.0100786243482023	0.0240156210970693
RLG_AsatOT3098_Cereba_chr3D-204701_TSD	0.504	0.0103902527663096	0.0266760098730538
RLG_AsatOT3098_Cereba_chr3D-205644_TSD	0.891	0.00978363506098808	0.0256202335276284
RLG_AsatOT3098_Cereba_chr3D-205787_TSD	0.682	0.00796319334894816	0.0227305258682834
RLG_AsatOT3098_Cereba_chr3D-206502_TSD	0.335	0.0100369816813595	0.0265034968600673
RLG_AsatOT3098_Cereba_chr3D-206842_TSD	0.34	0.0108060025014852	0.0246931637031124
RLG_AsatOT3098_Cereba_chr3D-207959_TSD	0.548	0.0102369413841549	0.0237543520383591
RLG_AsatOT3098_Cereba_chr3D-208054_TSD	0.547	0.0113280133664958	0.0238982892939764
RLG_AsatOT3098_Cereba_chr3D-208878_TSD	0.934	0.00952081441866847	0.0234476445516251
RLG_AsatOT3098_Cereba_chr3D-210074_TSD	0.548	0.012307871073227	0.023948141235382
RLG_AsatOT3098_Cereba_chr3D-224754_TSD	0.889	0.00914105403087859	0.0250135540252958
RLG_AsatOT3098_Cereba_chr3D-244707_TSD	0.591	0.00802693930134203	0.0271056067091809
RLG_AsatOT3098_Cereba_chr3D-331179_TSD	0.636	0.0102565426474655	0.0241650643580582
RLG_AsatOT3098_Cereba_chr4D-155130_TSD	0.463	0.00951999119993454	0.0233168346411819
RLG_AsatOT3098_Cereba_chr4D-205244_TSD	0.421	0.0104616227907036	0.0237462724140702
RLG_AsatOT3098_Cereba_chr4D-262651_TSD	0.378	0.00966752976525044	0.0248710527760672
RLG_AsatOT3098_Cereba_chr4D-311393_TSD	0.591	0.00923403014973459	0.0248601092051194
RLG_AsatOT3098_Cereba_chr5D-005491_TSD	0.762	0.0118385111516099	0.0236688302078064
RLG_AsatOT3098_Cereba_chr5D-105341_TSD	0.506	0.0106477485086128	0.025830415808125
RLG_AsatOT3098_Cereba_chr5D-187411_TSD	0.506	0.0105107371036893	0.0262695136657528
RLG_AsatOT3098_Cereba_chr5D-188394_TSD	0.849	0.0106692571897899	0.0250226314686783
RLG_AsatOT3098_Cereba_chr5D-188628_TSD	0.678	0.00889726538471775	0.0242616833742177
RLG_AsatOT3098_Cereba_chr5D-188779_TSD	0.591	0.00861904307968035	0.0260882937350217
RLG_AsatOT3098_Cereba_chr5D-189067_TSD	0.762	0.00852291704115731	0.0236614144896728
RLG_AsatOT3098_Cereba_chr5D-191055_TSD	0.547	0.00770435347510292	0.0256066802173358
RLG_AsatOT3098_Cereba_chr5D-191104_TSD	1.151	0.0112079196290763	0.0244300517936134
RLG_AsatOT3098_Cereba_chr5D-191526_TSD	0.505	0.00743258952821459	0.024111291730365
RLG_AsatOT3098_Cereba_chr5D-193205_TSD	0.634	0.0105103741540993	0.0242922262720648
RLG_AsatOT3098_Cereba_chr5D-193244_TSD	1.152	0.00880366701330435	0.0255354643954277
RLG_AsatOT3098_Cereba_chr5D-193385_TSD	0.719	0.00920942720266628	0.0249990604409112
RLG_AsatOT3098_Cereba_chr5D-193425_TSD	0.59	0.00938588348526484	0.0236572974460821
RLG_AsatOT3098_Cereba_chr5D-224574_TSD	0.463	0.00857459923768673	0.0225779193047577
RLG_AsatOT3098_Cereba_chr6D-052711_TSD	0.519	0.00908132270110543	0.0260931246303038
RLG_AsatOT3098_Cereba_chr6D-085645_TSD	0.849	0.0109230467889723	0.0243397332719582
RLG_AsatOT3098_Cereba_chr6D-089266_TSD	0.548	0.00912449957897445	0.0253253921707159
RLG_AsatOT3098_Cereba_chr6D-097530_TSD	0.467	0.00801265524720805	0.0266548609219221
RLG_AsatOT3098_Cereba_chr6D-098129_TSD	0.463	0.0119657428729036	0.0222793577599758
RLG_AsatOT3098_Cereba_chr6D-098211_TSD	0.633	0.0109706863927631	0.0238135552382709
RLG_AsatOT3098_Cereba_chr6D-100342_TSD	0.547	0.0112074217762068	0.0244002468265436
RLG_AsatOT3098_Cereba_chr6D-101031_TSD	0.42	0.0104127256918287	0.0231124561898891
RLG_AsatOT3098_Cereba_chr6D-101077_TSD	0.167	0.00822008409755716	0.0239859645089881
RLG_AsatOT3098_Cereba_chr6D-101602_TSD	0.979	0.00943405367034204	0.0260926773902024
RLG_AsatOT3098_Cereba_chr6D-101831_TSD	0.378	0.0094304264221927	0.0249813560155343
RLG_AsatOT3098_Cereba_chr6D-102490_TSD	0.803	0.00751957244118372	0.0228745945766809
RLG_AsatOT3098_Cereba_chr6D-102598_TSD	0.293	0.00998814774718515	0.0257509814496885
RLG_AsatOT3098_Cereba_chr6D-157247_TSD	0.632	0.00930518646971454	0.0228308818364352
RLG_AsatOT3098_Cereba_chr6D-183513_TSD	0.891	0.00832846968516339	0.026051711736691
RLG_AsatOT3098_Cereba_chr7D-125350_TSD	0.805	0.0101930703407617	0.0255369357979618
RLG_AsatOT3098_Cereba_chr7D-160229_TSD	0.717	0.0106999621834498	0.0261440373784347
RLG_AsatOT3098_Cereba_chr7D-211423_TSD	0.761	0.00951503917743678	0.0226905898639266
RLG_AsatOT3098_Cereba_chr7D-224385_TSD	0.591	0.00893972930237218	0.0239423253948199
RLG_AsatOT3098_Cereba_chr7D-225342_TSD	0.675	0.00967034963465565	0.0261536736967506
RLG_AsatOT3098_Cereba_chr7D-226022_TSD	0.675	0.00944911231381272	0.025647368416719
RLG_AsatOT3098_Cereba_chr7D-227052_TSD	0.463	0.00723797045671356	0.0222937796041324
RLG_AsatOT3098_Cereba_chr7D-227092_TSD	0.522	0.0121336692100629	0.0237603667052517
RLG_AsatOT3098_Cereba_chr7D-227165_TSD	0.635	0.00956427973396931	0.0253202656514756
RLG_AsatOT3098_Cereba_chr7D-228682_TSD	0.463	0.00878152179029759	0.0246862937970168
RLG_AsatOT3098_Cereba_chr7D-229370_TSD	0.335	0.00815139571898086	0.0240984820492846
RLG_AsatOT3098_Cereba_chr7D-229590_TSD	1.195	0.009906259582594	0.023390832705887
RLG_AsatOT3098_Cereba_chr7D-230532_TSD	0.862	0.00993905839485155	0.0256529382114594
RLG_AsatOT3098_Cereba_chr7D-231072_TSD	0.761	0.0121454733674954	0.0236085651401185
RLG_AsatOT3098_Cereba_chr7D-231646_TSD	0.676	0.0120170996961977	0.0243595483779339
RLG_AsatOT3098_Cereba_chr7D-250446_TSD	0.42	0.00900951899812191	0.0238049129305021
RLG_AsatOT3098_Cereba_chr7D-266514_TSD	0.763	0.0106388974172888	0.0232187381850555
