RLG_AatlCC7277As_Cereba_consensus-1_chr1A-207892_TSD	0.761	-0.00539427901162836	0.0189144386397205
RLG_AatlCC7277As_Cereba_consensus-1_chr1A-231585_TSD	0.547	-0.00447523191967306	0.0125755444045507
RLG_AatlCC7277As_Cereba_consensus-1_chr1A-231885_TSD	0.594	-0.00085366014460752	0.016790548336164
RLG_AatlCC7277As_Cereba_consensus-1_chr1A-231984_TSD	0.591	0.000474357993706773	0.0148548149809774
RLG_AatlCC7277As_Cereba_consensus-1_chr1A-233705_TSD	0.591	-0.00606650369219412	0.0187738930635244
RLG_AatlCC7277As_Cereba_consensus-1_chr1A-261987_TSD	0.935	-0.00614142547909196	0.0114071967703102
RLG_AatlCC7277As_Cereba_consensus-1_chr1A-346563_TSD	0.505	-0.00112974772445705	0.0168916790828159
RLG_AatlCC7277As_Cereba_consensus-1_chr1A-374950_TSD	0.42	-0.00524463349961923	0.0108374824678387
RLG_AatlCC7277As_Cereba_consensus-1_chr1A-530235_TSD	0.251	-0.00449086121626893	0.0134254323093903
RLG_AatlCC7277As_Cereba_consensus-1_chr2A-169234_TSD	0.592	-0.00499429423994447	0.0146211396204645
RLG_AatlCC7277As_Cereba_consensus-1_chr2A-200037_TSD	0.252	-0.00776597109594596	0.01163396681541
RLG_AatlCC7277As_Cereba_consensus-1_chr2A-201705_TSD	0.42	-0.00653592684088544	0.012138983874509
RLG_AatlCC7277As_Cereba_consensus-1_chr2A-201848_TSD	0.378	-0.00191079089103358	0.0133383615501225
RLG_AatlCC7277As_Cereba_consensus-1_chr2A-202285_TSD	0.764	-0.00374171036323122	0.0112234579348871
RLG_AatlCC7277As_Cereba_consensus-1_chr2A-202332_TSD	0.335	-0.00193460502545933	0.00978808066425887
RLG_AatlCC7277As_Cereba_consensus-1_chr2A-202395_TSD	0.251	-0.00569247535752539	0.0129427448698153
RLG_AatlCC7277As_Cereba_consensus-1_chr2A-202899_TSD	0.701	-0.00692883271560167	0.0113165131253672
RLG_AatlCC7277As_Cereba_consensus-1_chr2A-203062_TSD	0.547	-0.00266098219100848	0.0117902870617869
RLG_AatlCC7277As_Cereba_consensus-1_chr2A-203515_TSD	0.462	-0.00681336295020409	0.0125749850784011
RLG_AatlCC7277As_Cereba_consensus-1_chr2A-203964_TSD	0.505	-0.00407642948614898	0.0128839288170832
RLG_AatlCC7277As_Cereba_consensus-1_chr2A-204076_TSD	0.421	-0.00402422453248593	0.012389262006193
RLG_AatlCC7277As_Cereba_consensus-1_chr2A-204442_TSD	0.378	-0.0079228847349429	0.0107895569849232
RLG_AatlCC7277As_Cereba_consensus-1_chr2A-204482_TSD	0.463	-0.00606874489489789	0.0129418630064427
RLG_AatlCC7277As_Cereba_consensus-1_chr2A-204616_TSD	0.547	-0.00482475506134793	0.0150756643208219
RLG_AatlCC7277As_Cereba_consensus-1_chr2A-204643_TSD	0.549	-0.00481326419581556	0.00985627263230472
RLG_AatlCC7277As_Cereba_consensus-1_chr2A-204765_TSD	0.378	-0.00456348227667475	0.0139687716535708
RLG_AatlCC7277As_Cereba_consensus-1_chr2A-205448_TSD	0.336	-0.00525413178054258	0.0127649735817396
RLG_AatlCC7277As_Cereba_consensus-1_chr2A-205652_TSD	0.462	-0.00707305741003572	0.0101156227386474
RLG_AatlCC7277As_Cereba_consensus-1_chr2A-206068_TSD	1.151	-0.00163053804902131	0.0137635477278265
RLG_AatlCC7277As_Cereba_consensus-1_chr2A-206190_TSD	0.72	-0.00300717007451068	0.0133935652316653
RLG_AatlCC7277As_Cereba_consensus-1_chr2A-323913_TSD	0.209	-0.00722832927616417	0.0103107059477285
RLG_AatlCC7277As_Cereba_consensus-1_chr2A-456467_TSD	0.463	2.95823115821257e-05	0.0174138648518023
RLG_AatlCC7277As_Cereba_consensus-1_chr3A-018777_TSD	0.465	-0.00161298008076165	0.0176964131773697
RLG_AatlCC7277As_Cereba_consensus-1_chr3A-080186_TSD	0.335	-0.00555156605065344	0.0133053022234414
RLG_AatlCC7277As_Cereba_consensus-1_chr3A-222556_TSD	0.167	-0.00675788501351241	0.0101017974332919
RLG_AatlCC7277As_Cereba_consensus-1_chr3A-228608_TSD	0.167	-0.00426034018863793	0.0105988382409242
RLG_AatlCC7277As_Cereba_consensus-1_chr3A-271206_TSD	0.505	-0.00358434739910083	0.0131129817667633
RLG_AatlCC7277As_Cereba_consensus-1_chr3A-272149_TSD	0.59	-0.00328161979390399	0.0145687424054328
RLG_AatlCC7277As_Cereba_consensus-1_chr4A-138741_TSD	0.463	-0.00371609873275268	0.0138948678748327
RLG_AatlCC7277As_Cereba_consensus-1_chr4A-240601_TSD	0.636	-0.00446153886478284	0.0108761802901082
RLG_AatlCC7277As_Cereba_consensus-1_chr4A-336181_TSD	0.462	-0.00644088629350209	0.0123169481217321
RLG_AatlCC7277As_Cereba_consensus-1_chr5A-177072_TSD	0.505	-0.00294417215751173	0.0128061198920099
RLG_AatlCC7277As_Cereba_consensus-1_chr5A-273369_TSD	0.891	-0.00573833439417963	0.0147931462020619
RLG_AatlCC7277As_Cereba_consensus-1_chr5A-276073_TSD	0.762	-0.00642288398985013	0.0120556349520127
RLG_AatlCC7277As_Cereba_consensus-1_chr5A-277177_TSD	0.335	-0.00239070593275205	0.0158871323207723
RLG_AatlCC7277As_Cereba_consensus-1_chr5A-278628_TSD	0.378	-0.00429300198064974	0.0120512254947388
RLG_AatlCC7277As_Cereba_consensus-1_chr5A-447311_TSD	0.463	-0.00584575234649449	0.0110051367632255
RLG_AatlCC7277As_Cereba_consensus-1_chr6A-051211_TSD	0.378	-0.00406412464910852	0.0131900792900148
RLG_AatlCC7277As_Cereba_consensus-1_chr6A-063076_TSD	0.462	-0.00443379421643554	0.0155053690210257
RLG_AatlCC7277As_Cereba_consensus-1_chr6A-081431_TSD	0.762	-0.000347543785340618	0.0190316789507353
RLG_AatlCC7277As_Cereba_consensus-1_chr6A-093683_TSD	0.547	0.000884416673833175	0.017723002412581
RLG_AatlCC7277As_Cereba_consensus-1_chr6A-096560_TSD	0.676	-0.00703612327975482	0.0140065522366109
RLG_AatlCC7277As_Cereba_consensus-1_chr6A-096700_TSD	0.847	-0.00462099339248339	0.014930987483832
RLG_AatlCC7277As_Cereba_consensus-1_chr6A-101742_TSD	0.636	-0.00493725626128847	0.0116343792724536
RLG_AatlCC7277As_Cereba_consensus-1_chr6A-102531_TSD	0.813	-0.00360305007192305	0.0122711127015632
RLG_AatlCC7277As_Cereba_consensus-1_chr6A-106292_TSD	0.51	-0.00689400140644365	0.00975178337364894
RLG_AatlCC7277As_Cereba_consensus-1_chr6A-111110_TSD	0.505	-0.005995217285191	0.0117924264772993
RLG_AatlCC7277As_Cereba_consensus-1_chr6A-112645_TSD	0.847	-0.00621890882216771	0.0117661118389969
RLG_AatlCC7277As_Cereba_consensus-1_chr6A-112671_TSD	1.106	-0.00036115455744353	0.0137807900026658
RLG_AatlCC7277As_Cereba_consensus-1_chr6A-112919_TSD	0.251	-0.00389546770288259	0.0122509537831689
RLG_AatlCC7277As_Cereba_consensus-1_chr6A-113871_TSD	0.676	-0.00385726127410026	0.0149975727184746
RLG_AatlCC7277As_Cereba_consensus-1_chr6A-114082_TSD	0.892	-0.0027812017882158	0.0115252643894283
RLG_AatlCC7277As_Cereba_consensus-1_chr6A-128820_TSD	0.335	-0.00575218520789006	0.0102145857376584
RLG_AatlCC7277As_Cereba_consensus-1_chr6A-296677_TSD	0.167	-0.00524136282460877	0.0138364235425472
RLG_AatlCC7277As_Cereba_consensus-1_chr7A-302515_TSD	0.548	-0.00421650640040765	0.00948762683939331
RLG_AatlCC7277As_Cereba_consensus-1_chr7A-303536_TSD	0.462	-0.0039111419273332	0.0154030867310542
RLG_AatlCC7277As_Cereba_consensus-1_chr7A-311904_TSD	0.084	-0.00534697700145618	0.0131920138623672
RLG_AatlCC7277As_Cereba_consensus-1_chr7A-316622_TSD	0.378	-0.00539696894493792	0.0107758887478412
RLG_AinsBYU209_Cereba_chr4D-056712_TSD	0.293	0.000332892637553139	0.0179261468515675
RLG_AinsBYU209_Cereba_chr6D-138759_TSD	0.42	-0.00224547927782777	0.0190677822789992
RLG_AinsBYU209_Cereba_chr6D-220440_TSD	0.804	0.000544328100787387	0.0189074893530279
RLG_AinsBYU209_Cereba_chr6D-410048_TSD	0.633	-0.00214676674276458	0.0158056344310511
RLG_AlonCN58138Al_Cereba_chr1A-211446_TSD	0.762	-0.00555515036237847	0.0195264366575349
RLG_AlonCN58138Al_Cereba_chr1A-234591_TSD	0.505	-0.00243431933720169	0.00973069839821776
RLG_AlonCN58138Al_Cereba_chr1A-235023_TSD	0.547	-0.00292373428479491	0.0209823190873603
RLG_AlonCN58138Al_Cereba_chr1A-235762_TSD	0.805	-0.0033756675096427	0.0179711892257787
RLG_AlonCN58138Al_Cereba_chr1A-235913_TSD	0.293	-0.00658438680118328	0.013828203960906
RLG_AlonCN58138Al_Cereba_chr1A-236143_TSD	0.251	-0.00155254401017256	0.0142091121697233
RLG_AlonCN58138Al_Cereba_chr1A-236456_TSD	0.934	-0.00203430945637208	0.0155030711026194
RLG_AlonCN58138Al_Cereba_chr1A-236553_TSD	0.505	-0.00107498409556627	0.0130550887481906
RLG_AlonCN58138Al_Cereba_chr1A-236649_TSD	0.589	-0.00170129521920951	0.015703693993227
RLG_AlonCN58138Al_Cereba_chr1A-236896_TSD	0.939	-0.00515393871710303	0.0167317173249064
RLG_AlonCN58138Al_Cereba_chr1A-237077_TSD	0.547	-0.000739892026566896	0.0145265071662171
RLG_AlonCN58138Al_Cereba_chr1A-237369_TSD	0.803	-0.00257796328671033	0.0138390067634495
RLG_AlonCN58138Al_Cereba_chr1A-237748_TSD	0.35	-0.00610139113561532	0.0143989079246602
RLG_AlonCN58138Al_Cereba_chr1A-237775_TSD	0.848	-0.000312885983411067	0.0153346287352954
RLG_AlonCN58138Al_Cereba_chr1A-239455_TSD	0.591	-0.0030271817492066	0.019544786435614
RLG_AlonCN58138Al_Cereba_chr1A-239546_TSD	0.764	-0.00225596759503928	0.0169858425126833
RLG_AlonCN58138Al_Cereba_chr1A-239711_TSD	0.978	-0.00181702077832806	0.0185853453029319
RLG_AlonCN58138Al_Cereba_chr1A-240047_TSD	0.125	-0.0063211459052899	0.0145371369214535
RLG_AlonCN58138Al_Cereba_chr1A-240747_TSD	0.421	-0.00610997629019146	0.0172962261759019
RLG_AlonCN58138Al_Cereba_chr1A-240863_TSD	1.15	-0.00477822016025274	0.0183901716618086
RLG_AlonCN58138Al_Cereba_chr1A-241041_TSD	1.108	7.82720255216717e-06	0.0159621561880572
RLG_AlonCN58138Al_Cereba_chr1A-241167_TSD	0.293	-0.00532059062669059	0.0156832229223919
RLG_AlonCN58138Al_Cereba_chr1A-255478_TSD	0.678	0.000386537241204164	0.0179340580363293
RLG_AlonCN58138Al_Cereba_chr1A-279124_TSD	1.205	0.000382935308023057	0.0185011247078933
RLG_AlonCN58138Al_Cereba_chr1A-394309_TSD	0.462	-0.00557519870059618	0.0114334631568817
RLG_AlonCN58138Al_Cereba_chr2A-026169_TSD	0.378	-0.00428854935852584	0.0161005681399528
RLG_AlonCN58138Al_Cereba_chr2A-283425_TSD	0.336	-0.00223423845973368	0.0190612648267154
RLG_AlonCN58138Al_Cereba_chr2A-295129_TSD	0.722	0.000703691967862747	0.0178704239819401
RLG_AlonCN58138Al_Cereba_chr2A-295940_TSD	0.589	-0.00158874353203157	0.0143779730857817
RLG_AlonCN58138Al_Cereba_chr2A-296194_TSD	0.892	0.000127167156210203	0.0189094879662392
RLG_AlonCN58138Al_Cereba_chr2A-297479_TSD	0.975	-0.0013844225423985	0.0154045738290956
RLG_AlonCN58138Al_Cereba_chr2A-297818_TSD	0.377	-0.00637205584820806	0.017828172095607
RLG_AlonCN58138Al_Cereba_chr2A-297887_TSD	0.209	-0.00479350822107705	0.0112211294444112
RLG_AlonCN58138Al_Cereba_chr2A-298275_TSD	0.893	-0.00475948951563151	0.0148687017542952
RLG_AlonCN58138Al_Cereba_chr2A-298329_TSD	0.504	-0.00471180691133422	0.0156174740216075
RLG_AlonCN58138Al_Cereba_chr2A-299422_TSD	0.675	-0.00457809434897386	0.0152855957350788
RLG_AlonCN58138Al_Cereba_chr2A-299849_TSD	0.761	-0.00144002414234111	0.0158739484705607
RLG_AlonCN58138Al_Cereba_chr2A-299932_TSD	0.889	-0.0016121891221392	0.0183849720642104
RLG_AlonCN58138Al_Cereba_chr2A-300343_TSD	0.462	-0.00649701553997334	0.0104843564419549
RLG_AlonCN58138Al_Cereba_chr2A-300548_TSD	0.676	-0.00437478779936203	0.0169889065226722
RLG_AlonCN58138Al_Cereba_chr2A-300556_TSD	0.717	-0.00117603562043369	0.0157291390860591
RLG_AlonCN58138Al_Cereba_chr2A-300679_TSD	0.548	0.000605574144620906	0.00920065743265201
RLG_AlonCN58138Al_Cereba_chr2A-300791_TSD	1.244	0.000221196160249326	0.0126295607568756
RLG_AlonCN58138Al_Cereba_chr2A-301595_TSD	0.547	-0.005404806068887	0.0120524658394151
RLG_AlonCN58138Al_Cereba_chr2A-314667_TSD	0.547	-0.00525627037043672	0.0188908264356845
RLG_AlonCN58138Al_Cereba_chr2A-316178_TSD	0.902	0.000670384303476796	0.0158712637810046
RLG_AlonCN58138Al_Cereba_chr2A-371197_TSD	0.516	-0.00447295015361923	0.016283947493972
RLG_AlonCN58138Al_Cereba_chr2A-433496_TSD	0.251	-0.00748072214826263	0.0149073826993361
RLG_AlonCN58138Al_Cereba_chr2A-499437_TSD	0.891	-0.00153413920259486	0.014915336487124
RLG_AlonCN58138Al_Cereba_chr2A-537545_TSD	0.42	-0.00428656632053786	0.0198701392585457
RLG_AlonCN58138Al_Cereba_chr2A-557988_TSD	0.469	0.000417512983032905	0.0171522640112426
RLG_AlonCN58138Al_Cereba_chr3A-215711_TSD	0.675	-0.00564917161458869	0.0117535770740771
RLG_AlonCN58138Al_Cereba_chr3A-223169_TSD	0.125	-0.00464102398216401	0.0193647681205154
RLG_AlonCN58138Al_Cereba_chr3A-257174_TSD	0.377	-0.0057981664281855	0.018820842584048
RLG_AlonCN58138Al_Cereba_chr3A-260031_TSD	0.547	-0.00246629975466327	0.0162222730316227
RLG_AlonCN58138Al_Cereba_chr3A-260615_TSD	0.935	-0.00207377252568546	0.0165809017355693
RLG_AlonCN58138Al_Cereba_chr3A-260850_TSD	0.589	-0.00290761715019742	0.0145940981102108
RLG_AlonCN58138Al_Cereba_chr3A-261513_TSD	0.546	-0.000289854100842542	0.0190990519792613
RLG_AlonCN58138Al_Cereba_chr3A-261525_TSD	0.721	-0.00168690427492951	0.0157929082303863
RLG_AlonCN58138Al_Cereba_chr3A-261671_TSD	0.803	-0.00297426646011628	0.0156009189818883
RLG_AlonCN58138Al_Cereba_chr3A-261678_TSD	0.209	-0.00340141188761796	0.0154112023434076
RLG_AlonCN58138Al_Cereba_chr3A-261864_TSD	0.933	-0.00138425032104421	0.0149514492103154
RLG_AlonCN58138Al_Cereba_chr3A-262251_TSD	0.547	-0.000720181648486332	0.0190107171593049
RLG_AlonCN58138Al_Cereba_chr3A-262459_TSD	0.942	-0.0019759097263588	0.0154843061329886
RLG_AlonCN58138Al_Cereba_chr3A-262743_TSD	0.762	-0.00344716881465749	0.0170767294868452
RLG_AlonCN58138Al_Cereba_chr3A-262892_TSD	0.251	-0.00523554710184553	0.012109892893809
RLG_AlonCN58138Al_Cereba_chr3A-263327_TSD	1.082	-0.00317079710075533	0.0153625862746232
RLG_AlonCN58138Al_Cereba_chr3A-264023_TSD	0.633	-0.00408205573061945	0.0197366966047637
RLG_AlonCN58138Al_Cereba_chr3A-264637_TSD	0.463	-0.00371573993031096	0.0197617907015762
RLG_AlonCN58138Al_Cereba_chr3A-264644_TSD	0.676	7.07798972444343e-05	0.0147796413833293
RLG_AlonCN58138Al_Cereba_chr3A-264654_TSD	0.634	-0.00244247724371284	0.0189612668325808
RLG_AlonCN58138Al_Cereba_chr3A-264686_TSD	0.462	-0.00587557647735982	0.0171976198360355
RLG_AlonCN58138Al_Cereba_chr3A-264890_TSD	0.678	-0.00204998497132993	0.0127838524190947
RLG_AlonCN58138Al_Cereba_chr3A-265570_TSD	1.249	-0.0005745495008018	0.0147453851279979
RLG_AlonCN58138Al_Cereba_chr3A-265714_TSD	1.334	-0.0005745495008018	0.0147453851279979
RLG_AlonCN58138Al_Cereba_chr3A-266405_TSD	1.064	-0.00330319358975224	0.015946853483789
RLG_AlonCN58138Al_Cereba_chr3A-266884_TSD	0.336	-0.0056046213526268	0.0171838595564794
RLG_AlonCN58138Al_Cereba_chr3A-267068_TSD	0.676	-0.00180021366777561	0.0183739768657409
RLG_AlonCN58138Al_Cereba_chr3A-267938_TSD	0.589	-0.00475136829468603	0.0197222958926809
RLG_AlonCN58138Al_Cereba_chr3A-267985_TSD	0.888	-0.00501936834557071	0.0191218976556473
RLG_AlonCN58138Al_Cereba_chr3A-268438_TSD	0.719	-0.0067631031031842	0.0177310203081148
RLG_AlonCN58138Al_Cereba_chr3A-268467_TSD	0.678	-0.00175918912106592	0.0193009001659443
RLG_AlonCN58138Al_Cereba_chr3A-268546_TSD	0.631	-0.00279682339683645	0.0172502966410684
RLG_AlonCN58138Al_Cereba_chr3A-268752_TSD	0.76	-0.00071446517612773	0.0187124668482755
RLG_AlonCN58138Al_Cereba_chr3A-269288_TSD	0.761	-0.00586994579735677	0.0178563398837559
RLG_AlonCN58138Al_Cereba_chr3A-269500_TSD	0.293	-0.0055240610105705	0.0187193469742926
RLG_AlonCN58138Al_Cereba_chr3A-269507_TSD	0.378	-0.00587111776022408	0.0182932497743935
RLG_AlonCN58138Al_Cereba_chr3A-269564_TSD	0.463	0.000456356578617103	0.0173630574486371
RLG_AlonCN58138Al_Cereba_chr3A-269620_TSD	0.803	-0.00256538144225117	0.0201579875098204
RLG_AlonCN58138Al_Cereba_chr3A-269815_TSD	0.378	-0.000656838237657564	0.0166155432532482
RLG_AlonCN58138Al_Cereba_chr3A-272602_TSD	0.632	6.27829168305747e-06	0.0143461947329945
RLG_AlonCN58138Al_Cereba_chr3A-272644_TSD	0.717	6.27829168305747e-06	0.0143461947329945
RLG_AlonCN58138Al_Cereba_chr3A-286296_TSD	0.718	-0.00475573503742899	0.0191974863288968
RLG_AlonCN58138Al_Cereba_chr3A-349517_TSD	0.335	-0.00393761289062963	0.0168573123236771
RLG_AlonCN58138Al_Cereba_chr4A-056095_TSD	0.462	-0.0053443225167766	0.0186323538339418
RLG_AlonCN58138Al_Cereba_chr4A-073670_TSD	0.675	-0.0015973149242219	0.0163347580948403
RLG_AlonCN58138Al_Cereba_chr4A-159162_TSD	0.419	-0.00387115487892013	0.0157757910086094
RLG_AlonCN58138Al_Cereba_chr4A-159519_TSD	0.547	-0.00746840920932536	0.010523386877274
RLG_AlonCN58138Al_Cereba_chr4A-160202_TSD	0.59	-0.00475600993290886	0.0156053790336256
RLG_AlonCN58138Al_Cereba_chr4A-160389_TSD	1.054	-0.00515188836638457	0.0181666896668904
RLG_AlonCN58138Al_Cereba_chr4A-162859_TSD	0.591	-0.00674688696435767	0.0170271728300927
RLG_AlonCN58138Al_Cereba_chr4A-163089_TSD	0.847	-0.00424792333595072	0.0193033395374802
RLG_AlonCN58138Al_Cereba_chr4A-163768_TSD	1.677	-0.000372333807813766	0.0142007706482283
RLG_AlonCN58138Al_Cereba_chr4A-164630_TSD	0.378	-0.00585949649353002	0.0115499826290177
RLG_AlonCN58138Al_Cereba_chr4A-164736_TSD	0.377	-0.00564712431343299	0.0177246510329393
RLG_AlonCN58138Al_Cereba_chr4A-165245_TSD	0.505	-0.0043534400187961	0.0152357260985185
RLG_AlonCN58138Al_Cereba_chr4A-165321_TSD	0.462	-0.00549276261653911	0.0174881806668686
RLG_AlonCN58138Al_Cereba_chr4A-165934_TSD	0.421	-0.00773630859859296	0.0116794604389832
RLG_AlonCN58138Al_Cereba_chr4A-166208_TSD	0.462	-0.00335017219813847	0.0133844071415245
RLG_AlonCN58138Al_Cereba_chr4A-166341_TSD	0.462	-0.0050206658372729	0.0172400958284926
RLG_AlonCN58138Al_Cereba_chr4A-166552_TSD	0.251	-0.00411940508227427	0.0159564660603093
RLG_AlonCN58138Al_Cereba_chr4A-167138_TSD	0.251	-0.00432030774662791	0.0178839849443409
RLG_AlonCN58138Al_Cereba_chr4A-167444_TSD	0.632	-0.00480717157089134	0.0177691113177468
RLG_AlonCN58138Al_Cereba_chr4A-172216_TSD	0.293	-0.00496625866973119	0.0118000540148724
RLG_AlonCN58138Al_Cereba_chr4A-176522_TSD	0.632	-0.00258424089441414	0.0176146807317562
RLG_AlonCN58138Al_Cereba_chr4A-207792_TSD	0.462	-0.00676226787421384	0.0171492056025473
RLG_AlonCN58138Al_Cereba_chr5A-283605_TSD	0.505	-0.00512221330621773	0.012148603621966
RLG_AlonCN58138Al_Cereba_chr5A-287613_TSD	0.42	-0.00652290264601776	0.0154285377577745
RLG_AlonCN58138Al_Cereba_chr5A-287661_TSD	0.59	0.00112276181223235	0.0192235423432111
RLG_AlonCN58138Al_Cereba_chr5A-287916_TSD	0.804	-0.000448009530222973	0.0207469158100354
RLG_AlonCN58138Al_Cereba_chr5A-288054_TSD	0.42	-0.00458230389762123	0.0167581014957279
RLG_AlonCN58138Al_Cereba_chr5A-469262_TSD	0.293	-0.00359733925988867	0.0145827623369636
RLG_AlonCN58138Al_Cereba_chr6A-136338_TSD	0.125	-0.00579739091515303	0.0160141930738809
RLG_AlonCN58138Al_Cereba_chr6A-191865_TSD	0.421	-0.00698702816549058	0.0160031124202181
RLG_AlonCN58138Al_Cereba_chr6A-198399_TSD	0.761	-0.000440510429898186	0.0171982565471304
RLG_AlonCN58138Al_Cereba_chr6A-199181_TSD	0.934	-0.0015503066667949	0.0147254082292176
RLG_AlonCN58138Al_Cereba_chr6A-199527_TSD	0.633	-0.00436953169387194	0.0161058963749087
RLG_AlonCN58138Al_Cereba_chr6A-199815_TSD	0.462	-0.00334339164184306	0.0175305199388017
RLG_AlonCN58138Al_Cereba_chr6A-199977_TSD	0.633	0.000985235225871461	0.016307696543518
RLG_AlonCN58138Al_Cereba_chr6A-200197_TSD	0.675	-0.0013999980650708	0.0158158676473729
RLG_AlonCN58138Al_Cereba_chr6A-200922_TSD	0.59	-0.00473165252400543	0.0122179782164731
RLG_AlonCN58138Al_Cereba_chr6A-201033_TSD	0.465	-0.00536103363042372	0.0179509310352012
RLG_AlonCN58138Al_Cereba_chr6A-201066_TSD	0.76	-0.00124926862330174	0.0196759558594257
RLG_AlonCN58138Al_Cereba_chr6A-201188_TSD	0.634	-0.00405554811571691	0.0155825098501185
RLG_AlonCN58138Al_Cereba_chr6A-201440_TSD	1.278	-0.00231958594796142	0.0152358772380095
RLG_AlonCN58138Al_Cereba_chr6A-201599_TSD	0.933	-0.00492615219150147	0.019174598349587
RLG_AlonCN58138Al_Cereba_chr6A-201779_TSD	0.335	-0.00251856847475481	0.0159882541549316
RLG_AlonCN58138Al_Cereba_chr6A-201935_TSD	0.504	-0.00339693667842152	0.0128936552408946
RLG_AlonCN58138Al_Cereba_chr6A-202702_TSD	0.293	-0.00711806432224823	0.0160988656505237
RLG_AlonCN58138Al_Cereba_chr6A-202873_TSD	0.847	-0.00252254723598023	0.0178686684059762
RLG_AlonCN58138Al_Cereba_chr6A-203042_TSD	1.065	-0.00133183997048553	0.015168462975368
RLG_AlonCN58138Al_Cereba_chr6A-203514_TSD	0.379	-0.00685100355490362	0.0169853843613892
RLG_AlonCN58138Al_Cereba_chr6A-203724_TSD	0.378	-0.00209407320862613	0.0124389694020863
RLG_AlonCN58138Al_Cereba_chr6A-204802_TSD	0.337	-0.00538663424936975	0.0194973709176867
RLG_AlonCN58138Al_Cereba_chr6A-204934_TSD	1.458	-0.00117789991305209	0.0124554862866888
RLG_AlonCN58138Al_Cereba_chr6A-204943_TSD	1.07	-0.00378127184984557	0.013090686734223
RLG_AlonCN58138Al_Cereba_chr6A-205257_TSD	0.464	-0.0043194405738782	0.0112539524368704
RLG_AlonCN58138Al_Cereba_chr6A-206176_TSD	0.251	-0.00708046651002707	0.0141077403711484
RLG_AlonCN58138Al_Cereba_chr6A-206309_TSD	0.967	0.0012242142213502	0.017970875066925
RLG_AlonCN58138Al_Cereba_chr6A-206531_TSD	0.251	-0.00151804642697862	0.0183870341014132
RLG_AlonCN58138Al_Cereba_chr6A-208203_TSD	0.632	0.000329946887361862	0.0179056915254444
RLG_AlonCN58138Al_Cereba_chr6A-208425_TSD	0.633	0.000808308978350329	0.0194515802698855
RLG_AlonCN58138Al_Cereba_chr6A-237283_TSD	0.546	0.00099796397327606	0.0156164000030215
RLG_AlonCN58138Al_Cereba_chr6A-238129_TSD	0.505	-0.00609628168661604	0.0159932450736343
RLG_AlonCN58138Al_Cereba_chr7A-111935_TSD	0.591	-0.00434245852261491	0.0150453588991795
RLG_AlonCN58138Al_Cereba_chr7A-240017_TSD	0.719	-0.00308143691006597	0.0141901155607526
RLG_AlonCN58138Al_Cereba_chr7A-316884_TSD	0.848	-0.00558183511629641	0.0150121025870292
RLG_AlonCN58138Al_Cereba_chr7A-317135_TSD	0.676	-0.00381640662994022	0.0171190586614545
RLG_AlonCN58138Al_Cereba_chr7A-317741_TSD	0.462	-0.00671049948112897	0.0136052079773257
RLG_AlonCN58138Al_Cereba_chr7A-317978_TSD	0.378	-0.00706288207427953	0.0124398598976604
RLG_AlonCN58138Al_Cereba_chr7A-318608_TSD	0.335	-0.00465375199355462	0.0170763351752305
RLG_AlonCN58138Al_Cereba_chr7A-318706_TSD	0.847	-0.00292444868019517	0.016636390112368
RLG_AlonCN58138Al_Cereba_chr7A-319133_TSD	0.675	-0.00419350326079645	0.0166673834330149
RLG_AlonCN58138Al_Cereba_chr7A-319151_TSD	0.463	-0.00452836477853098	0.017451020016763
RLG_AlonCN58138Al_Cereba_chr7A-320288_TSD	0.547	-0.00455964671810225	0.0192730908763217
RLG_AlonCN58138Al_Cereba_chr7A-321166_TSD	0.547	-0.00386847441360157	0.0191636301822902
RLG_AlonCN58138Al_Cereba_chr7A-321202_TSD	0.976	-0.00379376642228062	0.0191204676528944
RLG_AlonCN58138Al_Cereba_chr7A-321306_TSD	0.804	-0.00487274556011977	0.0195167878582191
RLG_AlonCN58138Al_Cereba_chr7A-321839_TSD	0.377	-0.00471520295955009	0.01830787226696
RLG_AlonCN58138Al_Cereba_chr7A-322324_TSD	0.59	-0.00402026820487195	0.0135354032942184
RLG_AlonCN58138Al_Cereba_chr7A-323142_TSD	0.89	-0.00543172617216136	0.0176612651861605
RLG_AlonCN58138Al_Cereba_chr7A-323923_TSD	0.591	-0.00652548498565973	0.0179140531100768
RLG_AlonCN58138Al_Cereba_chr7A-346357_TSD	0.42	-0.00708297218074953	0.014090864896541
RLG_AlonCN58138Al_Cereba_chr7A-504442_TSD	0.377	-0.00141152349700212	0.0159438537898702
RLG_AsatOT3098_Cereba_chr1A-038868_TSD	0.336	-0.00190631198768434	0.0152124898212616
RLG_AsatOT3098_Cereba_chr1A-144463_TSD	0.343	-0.00216862294327246	0.0108592432047416
RLG_AsatOT3098_Cereba_chr1A-152242_TSD	0.59	-0.000942373878925169	0.0153439434282018
RLG_AsatOT3098_Cereba_chr1A-152523_TSD	0.167	-0.00390290992698089	0.0146437242975842
RLG_AsatOT3098_Cereba_chr1A-153057_TSD	0.42	-0.00209499805214424	0.0132944009704509
RLG_AsatOT3098_Cereba_chr1A-153285_TSD	0.335	0.000544126250198663	0.011435738085901
RLG_AsatOT3098_Cereba_chr1A-153987_TSD	0.675	-0.00463825117815242	0.0153482182078146
RLG_AsatOT3098_Cereba_chr1A-154071_TSD	0.42	0.000504562581614594	0.0144353010752668
RLG_AsatOT3098_Cereba_chr1A-154129_TSD	0.251	-0.00435196861976828	0.0176622952714627
RLG_AsatOT3098_Cereba_chr1A-154229_TSD	0.083	-0.00524688266245252	0.014084429045887
RLG_AsatOT3098_Cereba_chr1A-155132_TSD	0.336	-0.00277056927814166	0.0117983759527275
RLG_AsatOT3098_Cereba_chr1A-155205_TSD	0.462	-0.00466178639708391	0.0159926636356397
RLG_AsatOT3098_Cereba_chr1A-155475_TSD	0.167	-0.0057919214686199	0.0146579309455574
RLG_AsatOT3098_Cereba_chr1A-155714_TSD	0.504	-0.00106643076665276	0.0119088830424456
RLG_AsatOT3098_Cereba_chr1A-155780_TSD	0.554	-0.00313498940813635	0.0149538633110505
RLG_AsatOT3098_Cereba_chr1A-155915_TSD	0.378	-0.00290188939454688	0.0143217826070896
RLG_AsatOT3098_Cereba_chr1A-156095_TSD	0.208	-0.00488099479692843	0.0146001396018187
RLG_AsatOT3098_Cereba_chr1A-156169_TSD	0.293	-0.0017666270660533	0.0158611000967648
RLG_AsatOT3098_Cereba_chr1A-156183_TSD	0.294	-0.00427517161298701	0.0143458359914395
RLG_AsatOT3098_Cereba_chr1A-156588_TSD	0.592	-0.00405230342930617	0.0153073686940353
RLG_AsatOT3098_Cereba_chr1A-156939_TSD	0.516	-0.00520632877319007	0.013547367449093
RLG_AsatOT3098_Cereba_chr1A-157917_TSD	0.255	-0.00374108948746778	0.0168129884792113
RLG_AsatOT3098_Cereba_chr1A-158111_TSD	0.167	-0.00294551047577138	0.0187705746459672
RLG_AsatOT3098_Cereba_chr1A-171678_TSD	0.505	-0.00380714776824804	0.0160702156827663
RLG_AsatOT3098_Cereba_chr1A-248138_TSD	0.294	-0.00478508788885509	0.0164047426017468
RLG_AsatOT3098_Cereba_chr1A-362137_TSD	0.209	-0.00544691469097607	0.0120770492045895
RLG_AsatOT3098_Cereba_chr1A-370645_TSD	0.083	-0.00626719228442668	0.0137121317581792
RLG_AsatOT3098_Cereba_chr1A-413909_TSD	0.377	-0.00783796109460273	0.0155367434059137
RLG_AsatOT3098_Cereba_chr2A-039482_TSD	0.68	-0.00134504159289223	0.0160407403573708
RLG_AsatOT3098_Cereba_chr2A-101585_TSD	0.632	0.000549002786729276	0.0145847446116969
RLG_AsatOT3098_Cereba_chr2A-121449_TSD	0.251	-0.00593342072003308	0.0128142730608523
RLG_AsatOT3098_Cereba_chr2A-128111_TSD	0.546	-0.00362497309071256	0.0119474810828336
RLG_AsatOT3098_Cereba_chr2A-148205_TSD	0.547	-0.00346507736621685	0.0145625279064653
RLG_AsatOT3098_Cereba_chr2A-152084_TSD	0.377	-0.00703463074507101	0.0138568396194206
RLG_AsatOT3098_Cereba_chr2A-153036_TSD	0.591	-0.00419791878523017	0.016455294472742
RLG_AsatOT3098_Cereba_chr2A-153203_TSD	0.511	-0.00221530918261532	0.0143165048869822
RLG_AsatOT3098_Cereba_chr2A-153435_TSD	0.72	-0.00427840490757653	0.0138997677579597
RLG_AsatOT3098_Cereba_chr2A-153663_TSD	0.251	-0.00329546351490851	0.0143072383360001
RLG_AsatOT3098_Cereba_chr2A-153713_TSD	0.505	0.000354858188203604	0.0134196099148897
RLG_AsatOT3098_Cereba_chr2A-153964_TSD	0.76	-0.00193137372121487	0.0157224901465763
RLG_AsatOT3098_Cereba_chr2A-154583_TSD	0.59	0.000722808768793337	0.0115849128614967
RLG_AsatOT3098_Cereba_chr2A-154987_TSD	0.72	-0.00166450345559468	0.0127488825561478
RLG_AsatOT3098_Cereba_chr2A-155015_TSD	0.336	0.000400660692605081	0.018845445762042
RLG_AsatOT3098_Cereba_chr2A-155195_TSD	0.335	-0.00323998891383541	0.0101345315028045
RLG_AsatOT3098_Cereba_chr2A-155367_TSD	0.978	-7.75965927391838e-05	0.0126061880285199
RLG_AsatOT3098_Cereba_chr2A-155482_TSD	0.59	-0.000307764731731398	0.0167804251257038
RLG_AsatOT3098_Cereba_chr2A-156277_TSD	0.633	-0.00360113841256311	0.0165361761364146
RLG_AsatOT3098_Cereba_chr2A-156384_TSD	0.251	-0.00433547695434426	0.0152271825934032
RLG_AsatOT3098_Cereba_chr2A-156444_TSD	0.379	-0.00105156474451202	0.0154478913413056
RLG_AsatOT3098_Cereba_chr2A-156506_TSD	0.335	-0.00771515288675652	0.0131036412474193
RLG_AsatOT3098_Cereba_chr2A-156598_TSD	0.293	-0.00666645841942535	0.0155345536818132
RLG_AsatOT3098_Cereba_chr2A-156615_TSD	0.209	-0.00769413076169557	0.0138319698635087
RLG_AsatOT3098_Cereba_chr2A-156717_TSD	0.464	-0.00156818049069675	0.0163033319146477
RLG_AsatOT3098_Cereba_chr2A-156893_TSD	0.378	0.000860737681309549	0.0111367842943349
RLG_AsatOT3098_Cereba_chr2A-157174_TSD	1.106	-0.00436198962837254	0.0161080556271928
RLG_AsatOT3098_Cereba_chr2A-157232_TSD	0.591	-0.00388715992260954	0.0171969989869164
RLG_AsatOT3098_Cereba_chr2A-157409_TSD	0.208	-0.00409680247731639	0.0149982345595451
RLG_AsatOT3098_Cereba_chr2A-157418_TSD	0.936	-0.00158827024566018	0.0189044188377794
RLG_AsatOT3098_Cereba_chr2A-157442_TSD	0.42	-0.00623550423497608	0.0133286389215461
RLG_AsatOT3098_Cereba_chr2A-157674_TSD	0.209	-0.00733639961800056	0.0124151560635886
RLG_AsatOT3098_Cereba_chr2A-157698_TSD	0.546	-0.000356246930299493	0.0151429860987986
RLG_AsatOT3098_Cereba_chr2A-157704_TSD	0.419	-0.000322504495377732	0.0153027897704785
RLG_AsatOT3098_Cereba_chr2A-158033_TSD	0.209	-0.00735291797649419	0.0164857588339461
RLG_AsatOT3098_Cereba_chr2A-158139_TSD	0.72	-0.00319015950961186	0.0166634280058421
RLG_AsatOT3098_Cereba_chr2A-158683_TSD	0.335	0.000151175080096453	0.0138654587258438
RLG_AsatOT3098_Cereba_chr2A-158871_TSD	0.464	-0.00172918485219381	0.0148600675471089
RLG_AsatOT3098_Cereba_chr2A-159273_TSD	0.547	-0.001008515659994	0.0176373586005794
RLG_AsatOT3098_Cereba_chr2A-352680_TSD	0.506	-0.00342620870332182	0.0179456364471352
RLG_AsatOT3098_Cereba_chr2D-454472_TSD	0.633	-4.70813886199947e-07	0.0175861578623201
RLG_AsatOT3098_Cereba_chr3A-171685_TSD	0.251	-0.00592330772471906	0.0174972086347746
RLG_AsatOT3098_Cereba_chr3A-228859_TSD	0.677	-0.00137955335790134	0.0169778756714686
RLG_AsatOT3098_Cereba_chr3A-235743_TSD	0.548	-0.00155884093445008	0.0167899551075442
RLG_AsatOT3098_Cereba_chr3A-235946_TSD	0.167	-0.00760703995313517	0.0136191335432747
RLG_AsatOT3098_Cereba_chr3A-236011_TSD	0.718	-0.00260847531847735	0.0182364676529228
RLG_AsatOT3098_Cereba_chr3A-236687_TSD	0.378	-0.00322577207205628	0.0172413395699189
RLG_AsatOT3098_Cereba_chr3A-237349_TSD	0.209	-0.00631635763471723	0.0134798013221868
RLG_AsatOT3098_Cereba_chr3A-237586_TSD	0.377	-0.00773984426865926	0.0142610843595508
RLG_AsatOT3098_Cereba_chr3A-237621_TSD	0.59	-0.000645038427328533	0.0129699030695728
RLG_AsatOT3098_Cereba_chr3A-237684_TSD	0.209	-0.00402175248054229	0.019915605380735
RLG_AsatOT3098_Cereba_chr3A-238445_TSD	0.59	-0.000296405452574589	0.0157326055266816
RLG_AsatOT3098_Cereba_chr3A-238619_TSD	0.293	-0.00476548819710704	0.013074925589051
RLG_AsatOT3098_Cereba_chr3A-238920_TSD	0.293	-0.00130486384908391	0.0148337611005344
RLG_AsatOT3098_Cereba_chr3A-238939_TSD	0.633	-0.000413058013022762	0.013587995201652
RLG_AsatOT3098_Cereba_chr3A-239312_TSD	0.42	-0.00491961302190885	0.0159794010288484
RLG_AsatOT3098_Cereba_chr3A-239394_TSD	0.676	-0.00395302940578707	0.0161885429462043
RLG_AsatOT3098_Cereba_chr3A-239405_TSD	0.42	-0.00335304448100488	0.0161956747174228
RLG_AsatOT3098_Cereba_chr3A-240513_TSD	0.336	-0.00473839838194579	0.0129473782947902
RLG_AsatOT3098_Cereba_chr3A-240820_TSD	0.462	0.00137380688985083	0.0145057013562957
RLG_AsatOT3098_Cereba_chr3A-240960_TSD	0.419	-0.00633856218670021	0.0157010402934179
RLG_AsatOT3098_Cereba_chr3A-241804_TSD	0.335	-0.00170644460087279	0.0167665018856404
RLG_AsatOT3098_Cereba_chr3A-241868_TSD	0.42	-0.00402993874789847	0.0165932663052904
RLG_AsatOT3098_Cereba_chr3A-242214_TSD	0.718	-0.00659824525506955	0.0105220262971504
RLG_AsatOT3098_Cereba_chr3A-242510_TSD	0.507	-0.00421723955704643	0.0151712421609942
RLG_AsatOT3098_Cereba_chr3A-246024_TSD	0.463	-0.00276189934831501	0.0170644545314815
RLG_AsatOT3098_Cereba_chr3A-265329_TSD	0.42	-0.000131407281421127	0.0151657777356305
RLG_AsatOT3098_Cereba_chr3A-266421_TSD	0.251	-0.0072560654491803	0.0122365860861673
RLG_AsatOT3098_Cereba_chr3A-270124_TSD	0.208	-0.00377408159452062	0.0136778360386712
RLG_AsatOT3098_Cereba_chr3A-270172_TSD	0.42	-0.00155574745582963	0.0145422775679156
RLG_AsatOT3098_Cereba_chr4A-119517_TSD	0.208	-0.00693627595008386	0.0136103236231561
RLG_AsatOT3098_Cereba_chr4A-120545_TSD	0.463	-0.00593134075173379	0.0140625332481932
RLG_AsatOT3098_Cereba_chr4A-121919_TSD	1.065	-0.00119982312232178	0.0124099162772771
RLG_AsatOT3098_Cereba_chr4A-122079_TSD	0.506	-0.00735136206724166	0.015322736842977
RLG_AsatOT3098_Cereba_chr4A-122398_TSD	0.083	-0.00482194555211482	0.0152890455275509
RLG_AsatOT3098_Cereba_chr4A-122629_TSD	0.804	-0.00477212842102993	0.0149498952758601
RLG_AsatOT3098_Cereba_chr4A-122691_TSD	0.211	-0.00769879010715186	0.0153279175303769
RLG_AsatOT3098_Cereba_chr4A-123336_TSD	0.294	-0.0046603650764222	0.013937768829168
RLG_AsatOT3098_Cereba_chr4A-123705_TSD	0.419	-0.007935270572257	0.0138871730852086
RLG_AsatOT3098_Cereba_chr4A-140529_TSD	0.336	-0.00126714051589851	0.0148432256102235
RLG_AsatOT3098_Cereba_chr4A-218018_TSD	0.718	-0.000190949193257196	0.0121519796354924
RLG_AsatOT3098_Cereba_chr4A-256218_TSD	0.421	-0.00170047925109506	0.018115515175427
RLG_AsatOT3098_Cereba_chr4D-054364_TSD	0.421	-0.000163136374146541	0.0165863005574325
RLG_AsatOT3098_Cereba_chr4D-155634_TSD	0.377	-0.00278977069342828	0.015237967380021
RLG_AsatOT3098_Cereba_chr4D-157447_TSD	0.548	-0.000317370996153524	0.0163073453434399
RLG_AsatOT3098_Cereba_chr4D-157482_TSD	0.463	-7.96133209788231e-05	0.016942072476963
RLG_AsatOT3098_Cereba_chr5A-054307_TSD	0.82	-7.00457754328717e-05	0.0147495755240195
RLG_AsatOT3098_Cereba_chr5A-117000_TSD	0.42	-0.00407069227546439	0.0157964538371366
RLG_AsatOT3098_Cereba_chr5A-181355_TSD	0.547	-0.00185074277631824	0.0141717887153479
RLG_AsatOT3098_Cereba_chr5A-199594_TSD	0.335	-0.00030449394973485	0.0188397279284655
RLG_AsatOT3098_Cereba_chr5A-209138_TSD	0.592	-0.000773550841357049	0.0157432492808566
RLG_AsatOT3098_Cereba_chr5A-214361_TSD	0.59	0.000754585507355477	0.0173626489956718
RLG_AsatOT3098_Cereba_chr5A-214379_TSD	0.72	-0.00400212611703933	0.0154778283942211
RLG_AsatOT3098_Cereba_chr5A-214496_TSD	0.336	-0.00479402105109881	0.0154730211332934
RLG_AsatOT3098_Cereba_chr5A-215248_TSD	0.761	-0.00128366867759403	0.0160905687863359
RLG_AsatOT3098_Cereba_chr5A-215372_TSD	0.723	-0.00339881780183201	0.0144157592672093
RLG_AsatOT3098_Cereba_chr5A-216034_TSD	0.676	-0.000774530537498636	0.0190425901492251
RLG_AsatOT3098_Cereba_chr5A-216259_TSD	0.591	0.000314407133051662	0.0161596963365982
RLG_AsatOT3098_Cereba_chr5A-216565_TSD	0.59	-0.00599673755349206	0.00998476849805591
RLG_AsatOT3098_Cereba_chr5A-218693_TSD	0.293	-0.00561174851833493	0.0113652764893412
RLG_AsatOT3098_Cereba_chr5A-218816_TSD	0.718	-0.00588269386750111	0.0141763836741535
RLG_AsatOT3098_Cereba_chr5A-219332_TSD	0.378	-0.00243170423323326	0.0133975191649866
RLG_AsatOT3098_Cereba_chr5A-219372_TSD	0.378	-0.000106024123266473	0.0181937746182399
RLG_AsatOT3098_Cereba_chr5A-220536_TSD	0.336	-0.00198441785496859	0.016557050120172
RLG_AsatOT3098_Cereba_chr5A-220726_TSD	0.505	-0.00751852661486575	0.011865400782081
RLG_AsatOT3098_Cereba_chr5A-220739_TSD	0.209	-0.00585645629703954	0.0126916882534439
RLG_AsatOT3098_Cereba_chr5A-221768_TSD	0.503	-0.00705491063986106	0.0155955366567629
RLG_AsatOT3098_Cereba_chr5A-221888_TSD	0.462	-0.0064597794920077	0.0164272496350962
RLG_AsatOT3098_Cereba_chr5A-222220_TSD	0.293	-0.00662116483914411	0.0161359775245012
RLG_AsatOT3098_Cereba_chr5A-223425_TSD	0.167	-0.00393293656436528	0.0141581935518865
RLG_AsatOT3098_Cereba_chr5A-224692_TSD	0.675	-0.00412495136954472	0.0139544470281351
RLG_AsatOT3098_Cereba_chr5A-234122_TSD	0.462	-0.00181742460862622	0.0152945547158956
RLG_AsatOT3098_Cereba_chr5A-252564_TSD	0.676	-0.000546115078215964	0.0146669167567456
RLG_AsatOT3098_Cereba_chr5A-266746_TSD	0.59	-0.00057845331666881	0.0162821731127228
RLG_AsatOT3098_Cereba_chr5A-329638_TSD	0.377	-0.00758764276228696	0.0141964663599544
RLG_AsatOT3098_Cereba_chr5A-364812_TSD	0.378	-0.00253826916627817	0.0169116985618749
RLG_AsatOT3098_Cereba_chr6A-119671_TSD	0.89	0.000199680464275153	0.0188794331792648
RLG_AsatOT3098_Cereba_chr6A-131234_TSD	0.293	-0.000698572822728849	0.0165359183159774
RLG_AsatOT3098_Cereba_chr6A-133113_TSD	0.42	-0.00489192996440076	0.014632026377934
RLG_AsatOT3098_Cereba_chr6A-133928_TSD	0.505	-0.00349652096868081	0.016286293772081
RLG_AsatOT3098_Cereba_chr6A-134587_TSD	0.167	-0.00754305913860517	0.0117799270226042
RLG_AsatOT3098_Cereba_chr6A-135535_TSD	0.172	-0.00368219647609958	0.0161191811643137
RLG_AsatOT3098_Cereba_chr6A-137343_TSD	0.083	-0.00718323595225308	0.012109965976957
RLG_AsatOT3098_Cereba_chr6A-137945_TSD	0.377	-0.000449136486037335	0.0164636133174519
RLG_AsatOT3098_Cereba_chr6A-139358_TSD	0.847	-0.00796438129636277	0.0132351926045226
RLG_AsatOT3098_Cereba_chr6A-139886_TSD	0.894	-0.00137662664368794	0.0166117142717856
RLG_AsatOT3098_Cereba_chr6A-140094_TSD	0.251	-0.00121799737395313	0.0154527150548997
RLG_AsatOT3098_Cereba_chr6A-141178_TSD	0.378	-0.00253126028400807	0.00976332984802609
RLG_AsatOT3098_Cereba_chr6A-141319_TSD	0.251	-0.00472166899484598	0.0142799705482266
RLG_AsatOT3098_Cereba_chr6A-247240_TSD	0.506	0.000943796723252545	0.0139334882763154
RLG_AsatOT3098_Cereba_chr7A-152009_TSD	0.557	-0.000842240806371985	0.0153595850101428
RLG_AsatOT3098_Cereba_chr7A-249699_TSD	0.548	-0.00433647576173147	0.0127459194903252
RLG_AsatOT3098_Cereba_chr7A-320093_TSD	0.805	0.000487681655259846	0.017457237109148
RLG_AsatOT3098_Cereba_chr7A-321797_TSD	0.167	-0.00258941057833369	0.0102342135168614
RLG_AsatOT3098_Cereba_chr7A-322218_TSD	0.334	-0.00688351734887306	0.0140133372108071
RLG_AsatOT3098_Cereba_chr7A-322348_TSD	0.462	-0.00410812327908493	0.014333544407476
RLG_AsatOT3098_Cereba_chr7A-322662_TSD	0.377	-0.0064771035098018	0.0124357004610557
RLG_AsatOT3098_Cereba_chr7A-323046_TSD	0.593	-0.00503285373446888	0.0144130223628006
RLG_AsatOT3098_Cereba_chr7A-323215_TSD	0.293	-0.0072240461402472	0.0130464974615779
RLG_AsatOT3098_Cereba_chr7A-323379_TSD	0.125	-0.00366039602271846	0.0137659220546255
RLG_AsatOT3098_Cereba_chr7A-323453_TSD	0.209	-0.00561584090062233	0.0149825371330732
RLG_AsatOT3098_Cereba_chr7A-323653_TSD	0.209	-0.00625123747102433	0.0131818346047154
RLG_AsatOT3098_Cereba_chr7A-323875_TSD	0.125	-0.0027611098671429	0.0134084883451647
RLG_AsatOT3098_Cereba_chr7A-324157_TSD	0.462	-0.000368814719877045	0.0156730689158981
RLG_AsatOT3098_Cereba_chr7A-324672_TSD	0.166	-0.00793562844997763	0.0131023445942949
RLG_AsatOT3098_Cereba_chr7A-324925_TSD	0.335	-0.00706697150850478	0.0150397540197217
RLG_AsatOT3098_Cereba_chr7A-325009_TSD	0.462	-0.00318538708747413	0.0158829996748804
RLG_AsatOT3098_Cereba_chr7A-325045_TSD	0.125	-0.00347572304335232	0.0141979301177127
RLG_AsatOT3098_Cereba_chr7A-325673_TSD	0.718	-0.00681408406589859	0.0112075228640465
RLG_AsatOT3098_Cereba_chr7A-326608_TSD	0.336	0.00111396528781656	0.0132636079173506
RLG_AsatOT3098_Cereba_chr7A-328136_TSD	0.589	-0.00302083083187313	0.0158478042271218
RLG_AsatOT3098_Cereba_chr7A-328415_TSD	0.167	-0.00362349196344375	0.0140481098591265
RLG_AsatOT3098_Cereba_chr7A-328858_TSD	0.292	-0.00767483352638577	0.0132384671616033
RLG_AsatOT3098_Cereba_chr7A-329115_TSD	0.212	-0.00461422293634954	0.0142640684714818
RLG_AsatOT3098_Cereba_chr7A-329243_TSD	0.462	-0.00630908910561693	0.0142904122133938
RLG_AsatOT3098_Cereba_chr7A-344106_TSD	0.547	-0.00137830619796601	0.0175472449320282
RLG_AsatOT3098_Cereba_chr7A-348974_TSD	0.167	-0.00511410625392723	0.0123674742307833
RLG_AsatOT3098_Cereba_chr7A-406791_TSD	0.42	-0.00501931265665491	0.0164491465777862
