RLG_AatlCC7277As_Cereba_consensus-1_chr1A-003570_TSD	1.065	0.0227595672715166	-0.0361450603458164
RLG_AatlCC7277As_Cereba_consensus-1_chr1A-021398_TSD	0.72	0.0176506324811206	-0.0298502936767421
RLG_AatlCC7277As_Cereba_consensus-1_chr1A-197462_TSD	1.675	0.0185337013902635	-0.0318822776866815
RLG_AatlCC7277As_Cereba_consensus-1_chr1A-232343_TSD	1.172	0.016038177168896	-0.0321829938172337
RLG_AatlCC7277As_Cereba_consensus-1_chr2A-003084_TSD	0.675	0.0274186033466924	-0.0364094045098007
RLG_AatlCC7277As_Cereba_consensus-1_chr2A-068146_TSD	0.806	0.0207073903400663	-0.0267230314603425
RLG_AatlCC7277As_Cereba_consensus-1_chr2A-068643_TSD	0.737	0.0267122618049103	-0.0384528894327518
RLG_AatlCC7277As_Cereba_consensus-1_chr2A-155908_TSD	1.148	0.0208380199075003	-0.0310590767876667
RLG_AatlCC7277As_Cereba_consensus-1_chr2A-180152_TSD	0.89	0.0171812956365632	-0.0218047630384796
RLG_AatlCC7277As_Cereba_consensus-1_chr2A-193280_TSD	1.456	0.0176293933026699	-0.0190256835370225
RLG_AatlCC7277As_Cereba_consensus-1_chr2A-202307_TSD	1.188	0.0230786484417575	-0.0385173922672998
RLG_AatlCC7277As_Cereba_consensus-1_chr2A-206865_TSD	1.061	0.0191494472300733	-0.0190764170646563
RLG_AatlCC7277As_Cereba_consensus-1_chr2A-208169_TSD	0.976	0.0210539295138146	-0.0365966409568198
RLG_AatlCC7277As_Cereba_consensus-1_chr2A-209011_TSD	0.937	0.0236556961650259	-0.042362923033453
RLG_AatlCC7277As_Cereba_consensus-1_chr2A-211178_TSD	1.064	0.0232693998777001	-0.0336142497291358
RLG_AatlCC7277As_Cereba_consensus-1_chr2A-211375_TSD	0.898	0.022427831835411	-0.034451333262516
RLG_AatlCC7277As_Cereba_consensus-1_chr2A-212601_TSD	1.326	0.0173759956124721	-0.0166889021255347
RLG_AatlCC7277As_Cereba_consensus-1_chr2A-234953_TSD	1.604	0.0253411921428561	-0.0390997371626688
RLG_AatlCC7277As_Cereba_consensus-1_chr3A-255731_TSD	0.632	0.0207041552037359	-0.0247846373714981
RLG_AatlCC7277As_Cereba_consensus-1_chr3A-256178_TSD	1.813	0.0193904767734146	-0.0231227961430854
RLG_AatlCC7277As_Cereba_consensus-1_chr3A-257336_TSD	1.156	0.0260442339266131	-0.0412200836155133
RLG_AatlCC7277As_Cereba_consensus-1_chr3A-259068_TSD	0.56	0.0171211272288375	-0.0202130504571076
RLG_AatlCC7277As_Cereba_consensus-1_chr3A-260224_TSD	0.944	0.0226830751076588	-0.0323630584300941
RLG_AatlCC7277As_Cereba_consensus-1_chr3A-260256_TSD	0.944	0.0226830751076588	-0.0323630584300941
RLG_AatlCC7277As_Cereba_consensus-1_chr3A-262297_TSD	0.761	0.0214573917896391	-0.0177193004407811
RLG_AatlCC7277As_Cereba_consensus-1_chr3A-262525_TSD	1.201	0.0223195625229529	-0.0353446281517891
RLG_AatlCC7277As_Cereba_consensus-1_chr3A-270643_TSD	0.59	0.0245353028623679	-0.0360412826120673
RLG_AatlCC7277As_Cereba_consensus-1_chr3A-272600_TSD	0.889	0.0242096618761517	-0.0316940069788702
RLG_AatlCC7277As_Cereba_consensus-1_chr3A-279725_TSD	1.504	0.0258852496705343	-0.036478128483997
RLG_AatlCC7277As_Cereba_consensus-1_chr3A-460776_TSD	1.644	0.0295319970590156	-0.0369739425275011
RLG_AatlCC7277As_Cereba_consensus-1_chr4A-116637_TSD	0.965	0.0260990900493773	-0.0344432471895333
RLG_AatlCC7277As_Cereba_consensus-1_chr4A-172726_TSD	1.02	0.0180130086835286	-0.0350751429677182
RLG_AatlCC7277As_Cereba_consensus-1_chr4A-189362_TSD	1.237	0.0192024388592535	-0.0245874464126274
RLG_AatlCC7277As_Cereba_consensus-1_chr4A-198162_TSD	1.651	0.023292251159364	-0.0391409538675216
RLG_AatlCC7277As_Cereba_consensus-1_chr4A-198757_TSD	1.021	0.0237409369738385	-0.0391552200740743
RLG_AatlCC7277As_Cereba_consensus-1_chr4A-198876_TSD	1.077	0.018157295751927	-0.0244461681440778
RLG_AatlCC7277As_Cereba_consensus-1_chr4A-198988_TSD	0.891	0.0251128661164094	-0.0273486128335992
RLG_AatlCC7277As_Cereba_consensus-1_chr4A-199517_TSD	1.289	0.0138669087188913	-0.0143198857805668
RLG_AatlCC7277As_Cereba_consensus-1_chr4A-199719_TSD	1.155	0.0216602855607425	-0.0331959991506576
RLG_AatlCC7277As_Cereba_consensus-1_chr4A-199751_TSD	1.282	0.0230029768672208	-0.033785589941487
RLG_AatlCC7277As_Cereba_consensus-1_chr4A-200430_TSD	0.978	0.0227177735077704	-0.0411419041169654
RLG_AatlCC7277As_Cereba_consensus-1_chr4A-200656_TSD	0.632	0.0228699535408717	-0.0384026366507758
RLG_AatlCC7277As_Cereba_consensus-1_chr4A-200878_TSD	1.148	0.0205932022301686	-0.0286989325202819
RLG_AatlCC7277As_Cereba_consensus-1_chr4A-202609_TSD	1.458	0.0209730504487489	-0.037125555128065
RLG_AatlCC7277As_Cereba_consensus-1_chr4A-208678_TSD	1.192	0.0248249352671935	-0.0400418733778037
RLG_AatlCC7277As_Cereba_consensus-1_chr5A-118309_TSD	1.093	0.0194408458541684	-0.0201883248308852
RLG_AatlCC7277As_Cereba_consensus-1_chr5A-147810_TSD	0.676	0.026324101629517	-0.0388887934008399
RLG_AatlCC7277As_Cereba_consensus-1_chr5A-274210_TSD	1.195	0.0232331605399492	-0.0378657611722129
RLG_AatlCC7277As_Cereba_consensus-1_chr5A-274221_TSD	1.371	0.0165916002437705	-0.0173481548050385
RLG_AatlCC7277As_Cereba_consensus-1_chr5A-275224_TSD	1.061	0.0271583285948271	-0.0416742842110021
RLG_AatlCC7277As_Cereba_consensus-1_chr5A-275281_TSD	1.107	0.0202230221041363	-0.0356257853414087
RLG_AatlCC7277As_Cereba_consensus-1_chr5A-276372_TSD	1.062	0.0260565062098025	-0.0434287257579054
RLG_AatlCC7277As_Cereba_consensus-1_chr5A-277285_TSD	0.763	0.0214724778962483	-0.0297829585632165
RLG_AatlCC7277As_Cereba_consensus-1_chr5A-277700_TSD	0.765	0.0258484132995848	-0.0368003049851445
RLG_AatlCC7277As_Cereba_consensus-1_chr5A-278844_TSD	0.891	0.0199781233981447	-0.0254285098574759
RLG_AatlCC7277As_Cereba_consensus-1_chr5A-278904_TSD	0.948	0.0203572945712197	-0.0317292276510941
RLG_AatlCC7277As_Cereba_consensus-1_chr5A-278934_TSD	1.419	0.0255007022802275	-0.0410554005695698
RLG_AatlCC7277As_Cereba_consensus-1_chr5A-279375_TSD	1.857	0.0237497885890822	-0.0342828888394791
RLG_AatlCC7277As_Cereba_consensus-1_chr5A-303083_TSD	0.719	0.0231560664875387	-0.0364826727593285
RLG_AatlCC7277As_Cereba_consensus-1_chr6A-072385_TSD	0.59	0.0229808433151267	-0.0389331844926243
RLG_AatlCC7277As_Cereba_consensus-1_chr6A-084163_TSD	0.932	0.0248309528841644	-0.0363973622862179
RLG_AatlCC7277As_Cereba_consensus-1_chr6A-093213_TSD	1.024	0.0194392282207123	-0.0351425469612077
RLG_AatlCC7277As_Cereba_consensus-1_chr6A-094794_TSD	1.063	0.0267115709133084	-0.0409900555097555
RLG_AatlCC7277As_Cereba_consensus-1_chr6A-095943_TSD	1.719	0.0242020823031166	-0.0367156618475776
RLG_AatlCC7277As_Cereba_consensus-1_chr6A-096530_TSD	1.192	0.0167064670312747	-0.0397207026635151
RLG_AatlCC7277As_Cereba_consensus-1_chr6A-102590_TSD	1.195	0.0205941751722131	-0.035804771551669
RLG_AatlCC7277As_Cereba_consensus-1_chr6A-124638_TSD	1.238	0.0241969836576316	-0.0415266450019167
RLG_AatlCC7277As_Cereba_consensus-1_chr6A-140981_TSD	1.283	0.027664119242522	-0.0373380925827229
RLG_AatlCC7277As_Cereba_consensus-1_chr6A-154106_TSD	1.192	0.024859210614861	-0.0383186101960545
RLG_AatlCC7277As_Cereba_consensus-1_chr6A-163825_TSD	0.933	0.0215044750840547	-0.0331814753799188
RLG_AatlCC7277As_Cereba_consensus-1_chr6A-363468_TSD	0.901	0.0221292896650891	-0.0406840431465144
RLG_AatlCC7277As_Cereba_consensus-1_chr7A-236742_TSD	1.107	0.0288595442338284	-0.0409231108038604
RLG_AatlCC7277As_Cereba_consensus-1_chr7A-278315_TSD	0.59	0.0250885541165297	-0.0405309416326899
RLG_AatlCC7277As_Cereba_consensus-1_chr7A-298838_TSD	1.285	0.0212964947619973	-0.0232148392575196
RLG_AatlCC7277As_Cereba_consensus-1_chr7A-300425_TSD	1.15	0.0219616458592811	-0.0243024981518943
RLG_AatlCC7277As_Cereba_consensus-1_chr7A-301771_TSD	1.02	0.0225763333195828	-0.0188699665019025
RLG_AatlCC7277As_Cereba_consensus-1_chr7A-302235_TSD	0.59	0.017586893382528	-0.0207821759332118
RLG_AatlCC7277As_Cereba_consensus-1_chr7A-302304_TSD	1.209	0.0230620933483238	-0.0208384352797844
RLG_AatlCC7277As_Cereba_consensus-1_chr7A-304078_TSD	1.279	0.0256315095677596	-0.0403573556490664
RLG_AatlCC7277As_Cereba_consensus-1_chr7A-305948_TSD	1.331	0.0211628722967893	-0.0196688987760234
RLG_AatlCC7277As_Cereba_consensus-1_chr7A-461807_TSD	0.926	0.0252670645247994	-0.043141337547024
RLG_AinsBYU209_Cereba_chr1D-121703_TSD	1.122	0.0241902350171761	-0.024039114361143
RLG_AinsBYU209_Cereba_chr1D-139397_TSD	0.718	0.020353886610914	-0.0238449603102529
RLG_AinsBYU209_Cereba_chr1D-143969_TSD	1.154	0.0241105539435163	-0.0402528939330425
RLG_AinsBYU209_Cereba_chr1D-186843_TSD	0.98	0.0193333730056818	-0.0220350742615923
RLG_AinsBYU209_Cereba_chr1D-196574_TSD	0.897	0.01670721496981	-0.0216652863815206
RLG_AinsBYU209_Cereba_chr1D-200256_TSD	0.719	0.0218436924688405	-0.0260343134553576
RLG_AinsBYU209_Cereba_chr1D-280790_TSD	0.849	0.0247863221928983	-0.024699331067103
RLG_AinsBYU209_Cereba_chr2D-141775_TSD	0.42	0.0234711250636692	-0.0404355160284
RLG_AinsBYU209_Cereba_chr2D-176090_TSD	0.932	0.0289519494959843	-0.0318909165598058
RLG_AinsBYU209_Cereba_chr2D-176298_TSD	0.674	0.0276021783043558	-0.0353839739380604
RLG_AinsBYU209_Cereba_chr2D-176331_TSD	0.803	0.0194081972437546	-0.0211297519872819
RLG_AinsBYU209_Cereba_chr2D-176525_TSD	0.762	0.0232372097572431	-0.0302081080774038
RLG_AinsBYU209_Cereba_chr2D-178690_TSD	0.804	0.0182319248839325	-0.0192655633859066
RLG_AinsBYU209_Cereba_chr3D-044229_TSD	1.547	0.0287686903844382	-0.0406366077634692
RLG_AinsBYU209_Cereba_chr3D-052865_TSD	1.192	0.0269528659810677	-0.0436453799742102
RLG_AinsBYU209_Cereba_chr3D-061712_TSD	0.675	0.0208874607063764	-0.0226837075829255
RLG_AinsBYU209_Cereba_chr3D-111338_TSD	1.019	0.0264815937010478	-0.0398774898768
RLG_AinsBYU209_Cereba_chr3D-143896_TSD	0.935	0.0222338918933571	-0.0227740243964887
RLG_AinsBYU209_Cereba_chr3D-193219_TSD	0.762	0.0215034531465228	-0.0234734050007495
RLG_AinsBYU209_Cereba_chr3D-197514_TSD	1.281	0.0195485314752129	-0.0207004465968663
RLG_AinsBYU209_Cereba_chr3D-199383_TSD	0.806	0.0281313270916222	-0.0431363144722535
RLG_AinsBYU209_Cereba_chr3D-201304_TSD	1.152	0.0279654244183679	-0.0434532088996849
RLG_AinsBYU209_Cereba_chr3D-202561_TSD	0.854	0.0270017455208223	-0.0406922465765324
RLG_AinsBYU209_Cereba_chr3D-203674_TSD	0.632	0.0222145646578947	-0.0237016216243247
RLG_AinsBYU209_Cereba_chr3D-204005_TSD	1.293	0.0219521555145163	-0.0178730442715386
RLG_AinsBYU209_Cereba_chr3D-289857_TSD	0.42	0.0241760335118978	-0.0314201459415592
RLG_AinsBYU209_Cereba_chr3D-293938_TSD	0.847	0.0227727009940808	-0.0358714643380143
RLG_AinsBYU209_Cereba_chr3D-347465_TSD	0.806	0.0265344186037053	-0.0405090670534235
RLG_AinsBYU209_Cereba_chr4D-051546_TSD	0.979	0.0211793819538947	-0.0260469432192396
RLG_AinsBYU209_Cereba_chr4D-097836_TSD	0.548	0.0240404623080731	-0.0405337141521844
RLG_AinsBYU209_Cereba_chr4D-121293_TSD	1.236	0.0199401054310549	-0.03239601759315
RLG_AinsBYU209_Cereba_chr4D-143235_TSD	0.978	0.0190002574570462	-0.0210475330365755
RLG_AinsBYU209_Cereba_chr4D-146965_TSD	0.676	0.0210561116607612	-0.0309520842886114
RLG_AinsBYU209_Cereba_chr4D-150638_TSD	1.197	0.0259891492171472	-0.0385354978099378
RLG_AinsBYU209_Cereba_chr4D-156960_TSD	0.932	0.0248482331388447	-0.035763977296921
RLG_AinsBYU209_Cereba_chr4D-158113_TSD	1.136	0.0193141386752928	-0.0287792269557675
RLG_AinsBYU209_Cereba_chr4D-160504_TSD	0.637	0.0258736561362244	-0.0396825837898324
RLG_AinsBYU209_Cereba_chr4D-160704_TSD	1.544	0.0184826834411178	-0.0146487208319874
RLG_AinsBYU209_Cereba_chr4D-161103_TSD	1.193	0.025534739205744	-0.0428387742892319
RLG_AinsBYU209_Cereba_chr4D-162928_TSD	1.021	0.0204927129284686	-0.0286880256530948
RLG_AinsBYU209_Cereba_chr4D-163659_TSD	0.867	0.0214448061831353	-0.0283707951801711
RLG_AinsBYU209_Cereba_chr4D-175539_TSD	0.847	0.0237222242361025	-0.0222357790704735
RLG_AinsBYU209_Cereba_chr4D-210236_TSD	0.803	0.0225377816422391	-0.0459234663769005
RLG_AinsBYU209_Cereba_chr4D-248429_TSD	0.761	0.0161287401573499	-0.022277129548122
RLG_AinsBYU209_Cereba_chr4D-282938_TSD	0.518	0.0219241998929926	-0.0459066845080445
RLG_AinsBYU209_Cereba_chr4D-348111_TSD	0.98	0.0247474211366211	-0.0350390897401988
RLG_AinsBYU209_Cereba_chr5D-036170_TSD	0.981	0.0206644025144777	-0.0209155687848741
RLG_AinsBYU209_Cereba_chr5D-105847_TSD	0.977	0.0227371931312292	-0.0298084071691581
RLG_AinsBYU209_Cereba_chr5D-124149_TSD	1.193	0.0155682801351559	-0.0259121987340293
RLG_AinsBYU209_Cereba_chr5D-127280_TSD	0.591	0.0157653867952481	-0.0277113120372058
RLG_AinsBYU209_Cereba_chr5D-158221_TSD	0.635	0.0187025618751919	-0.0244583864264318
RLG_AinsBYU209_Cereba_chr5D-159180_TSD	1.066	0.0217521669884203	-0.0357457232314906
RLG_AinsBYU209_Cereba_chr5D-170143_TSD	0.981	0.027814876023215	-0.0393576477499936
RLG_AinsBYU209_Cereba_chr5D-178190_TSD	1.191	0.0190820331407641	-0.0187266708336526
RLG_AinsBYU209_Cereba_chr5D-178667_TSD	0.719	0.0211819357941086	-0.0295057304032657
RLG_AinsBYU209_Cereba_chr5D-179387_TSD	0.599	0.0239440960820019	-0.0358064167445311
RLG_AinsBYU209_Cereba_chr5D-179469_TSD	0.809	0.0228924154734443	-0.0310607183004169
RLG_AinsBYU209_Cereba_chr5D-179594_TSD	1.369	0.0175371916787204	-0.0177006261613466
RLG_AinsBYU209_Cereba_chr5D-188023_TSD	0.934	0.0164226039475494	-0.01665982654719
RLG_AinsBYU209_Cereba_chr5D-194287_TSD	0.846	0.0234466368019128	-0.0344897236748828
RLG_AinsBYU209_Cereba_chr5D-263749_TSD	0.873	0.02679194663336	-0.0429348052884761
RLG_AinsBYU209_Cereba_chr6D-126649_TSD	1.422	0.0194379785305632	-0.0210984696990177
RLG_AinsBYU209_Cereba_chr6D-126682_TSD	0.591	0.0230244455234297	-0.0340637543925224
RLG_AinsBYU209_Cereba_chr6D-142372_TSD	1.021	0.0254144048806393	-0.032461865725353
RLG_AinsBYU209_Cereba_chr6D-212596_TSD	1.195	0.0238248795756243	-0.0257231805758906
RLG_AinsBYU209_Cereba_chr6D-222409_TSD	0.847	0.0247669889470544	-0.04131783974013
RLG_AinsBYU209_Cereba_chr6D-228511_TSD	0.548	0.0199723375705477	-0.0281868547348976
RLG_AinsBYU209_Cereba_chr6D-229814_TSD	0.977	0.0264661955922661	-0.0406228070032995
RLG_AinsBYU209_Cereba_chr6D-230509_TSD	1.326	0.0271862367682405	-0.0420652130496034
RLG_AinsBYU209_Cereba_chr6D-341520_TSD	1.375	0.0220182628881917	-0.02622334312267
RLG_AinsBYU209_Cereba_chr7D-227313_TSD	0.589	0.0263263945866012	-0.0405664968955897
RLG_AinsBYU209_Cereba_chr7D-229887_TSD	0.42	0.0234921676149649	-0.0204190417876464
RLG_AinsBYU209_Cereba_chr7D-240721_TSD	1.151	0.020557851383053	-0.0284715134019181
RLG_AinsBYU209_Cereba_chr7D-250223_TSD	0.936	0.026437277997946	-0.0394958078158652
RLG_AinsBYU209_Cereba_chr7D-252678_TSD	0.591	0.0233101375052393	-0.0269941187617575
RLG_AinsBYU209_Cereba_chr7D-253591_TSD	0.717	0.0269507232926094	-0.0384864769529874
RLG_AinsBYU209_Cereba_chr7D-254122_TSD	1.023	0.0223071120086194	-0.0207269817937787
RLG_AinsBYU209_Cereba_chr7D-254159_TSD	1.678	0.0194333156727734	-0.0164686553282302
RLG_AinsBYU209_Cereba_chr7D-254659_TSD	0.915	0.0256291787607363	-0.0433288924084772
RLG_AinsBYU209_Cereba_chr7D-268436_TSD	1.195	0.0260448557650311	-0.0404479170156344
RLG_AinsBYU209_Cereba_chr7D-396554_TSD	1.02	0.0221142810689849	-0.0346634724822101
RLG_AlonCN58138Al_Cereba_chr1A-201159_TSD	1.9	0.0184801767476692	-0.0319166732228199
RLG_AlonCN58138Al_Cereba_chr1A-234398_TSD	1.106	0.0238543586065114	-0.0426213864740751
RLG_AlonCN58138Al_Cereba_chr1A-234536_TSD	1.112	0.0223152637811684	-0.0340960426321018
RLG_AlonCN58138Al_Cereba_chr1A-234627_TSD	1.071	0.0203726563509319	-0.0394126922557765
RLG_AlonCN58138Al_Cereba_chr1A-241369_TSD	1.173	0.0164190548348475	-0.0307096360243494
RLG_AlonCN58138Al_Cereba_chr1A-305905_TSD	0.806	0.0182468353406802	-0.0233657559522541
RLG_AlonCN58138Al_Cereba_chr2A-148240_TSD	0.251	0.0237242918270174	-0.0417152761747138
RLG_AlonCN58138Al_Cereba_chr2A-265047_TSD	1.236	0.0175353352350146	-0.0238590315728462
RLG_AlonCN58138Al_Cereba_chr2A-279658_TSD	0.977	0.016840644555608	-0.0227523195594564
RLG_AlonCN58138Al_Cereba_chr2A-294940_TSD	1.024	0.0255319491430115	-0.0279218746866717
RLG_AlonCN58138Al_Cereba_chr2A-295047_TSD	1.106	0.0243705687679458	-0.0380594139975139
RLG_AlonCN58138Al_Cereba_chr2A-301950_TSD	1.238	0.0237686537949294	-0.0312458899897403
RLG_AlonCN58138Al_Cereba_chr2A-302560_TSD	0.803	0.0236056245443551	-0.0360601182331436
RLG_AlonCN58138Al_Cereba_chr2A-333957_TSD	1.369	0.0270834314437469	-0.0437537340866044
RLG_AlonCN58138Al_Cereba_chr2A-508247_TSD	0.888	0.0264807362945791	-0.0365915798631517
RLG_AlonCN58138Al_Cereba_chr2A-559057_TSD	1.044	0.0165540846137235	-0.0180169577984625
RLG_AlonCN58138Al_Cereba_chr3A-252015_TSD	0.893	0.0227883106245067	-0.041728933791063
RLG_AlonCN58138Al_Cereba_chr3A-256431_TSD	1.372	0.0196231974848301	-0.0155605731805712
RLG_AlonCN58138Al_Cereba_chr3A-259540_TSD	0.933	0.0177447273039175	-0.0195164805197387
RLG_AlonCN58138Al_Cereba_chr3A-261193_TSD	1.328	0.0228654424113729	-0.0336764761817567
RLG_AlonCN58138Al_Cereba_chr3A-262212_TSD	1.773	0.0142795305216872	-0.0242126122322054
RLG_AlonCN58138Al_Cereba_chr3A-262652_TSD	1.986	0.0155530647581445	-0.0221803348919934
RLG_AlonCN58138Al_Cereba_chr3A-271438_TSD	0.849	0.0252403134771522	-0.0367406124604289
RLG_AlonCN58138Al_Cereba_chr3A-273046_TSD	1.413	0.0207755093391613	-0.0168123560893454
RLG_AlonCN58138Al_Cereba_chr3A-278574_TSD	1.194	0.0249037913999324	-0.0324546546410461
RLG_AlonCN58138Al_Cereba_chr4A-127442_TSD	1.196	0.0179237944820273	-0.0342547328804731
RLG_AlonCN58138Al_Cereba_chr4A-146887_TSD	1.019	0.0264847525606796	-0.0291073403461669
RLG_AlonCN58138Al_Cereba_chr4A-146984_TSD	1.538	0.0170404471349827	-0.0232070759264817
RLG_AlonCN58138Al_Cereba_chr4A-148440_TSD	1.33	0.0183392600330341	-0.038820472607255
RLG_AlonCN58138Al_Cereba_chr4A-148724_TSD	1.151	0.0211962868275346	-0.0383910199280695
RLG_AlonCN58138Al_Cereba_chr4A-150419_TSD	1.109	0.0224879421941629	-0.0362329579406869
RLG_AlonCN58138Al_Cereba_chr4A-150667_TSD	1.106	0.0221389205064556	-0.0356203918542601
RLG_AlonCN58138Al_Cereba_chr4A-159207_TSD	1.104	0.0231808802667761	-0.0419729861352483
RLG_AlonCN58138Al_Cereba_chr4A-159342_TSD	1.325	0.0256550324926155	-0.0319785105447974
RLG_AlonCN58138Al_Cereba_chr4A-159629_TSD	1.498	0.0260519240931239	-0.0298163164353804
RLG_AlonCN58138Al_Cereba_chr4A-159911_TSD	1.632	0.0171957169972634	-0.0276874987940121
RLG_AlonCN58138Al_Cereba_chr4A-162771_TSD	1.282	0.020113312248301	-0.0380645483694141
RLG_AlonCN58138Al_Cereba_chr4A-163014_TSD	1.193	0.027775814410511	-0.0395209633871125
RLG_AlonCN58138Al_Cereba_chr4A-172765_TSD	0.846	0.0232079208863235	-0.0431612018536173
RLG_AlonCN58138Al_Cereba_chr4A-414062_TSD	0.85	0.0239676381148841	-0.0348166122277175
RLG_AlonCN58138Al_Cereba_chr5A-056398_TSD	1.026	0.0224481898199556	-0.0376438021947357
RLG_AlonCN58138Al_Cereba_chr5A-125364_TSD	0.846	0.0199602313013696	-0.0200025535892711
RLG_AlonCN58138Al_Cereba_chr5A-286623_TSD	1.281	0.0250753165876271	-0.0442222530062093
RLG_AlonCN58138Al_Cereba_chr5A-287284_TSD	1.02	0.0226087511475441	-0.0226110980893775
RLG_AlonCN58138Al_Cereba_chr5A-288572_TSD	1.069	0.02264237644719	-0.0359660709094933
RLG_AlonCN58138Al_Cereba_chr5A-288819_TSD	0.976	0.0201329316325011	-0.0238643502114967
RLG_AlonCN58138Al_Cereba_chr5A-289460_TSD	0.895	0.0228752588129839	-0.0301883419480831
RLG_AlonCN58138Al_Cereba_chr5A-289514_TSD	1.198	0.02288339116867	-0.0372466113423932
RLG_AlonCN58138Al_Cereba_chr5A-290181_TSD	1.02	0.0238628440542	-0.0345117159005441
RLG_AlonCN58138Al_Cereba_chr5A-447546_TSD	1.194	0.0205032811852126	-0.0292978406320406
RLG_AlonCN58138Al_Cereba_chr6A-196920_TSD	1.281	0.0180923545688956	-0.0233363501621438
RLG_AlonCN58138Al_Cereba_chr6A-199552_TSD	1.155	0.0259442895437397	-0.0401589303877663
RLG_AlonCN58138Al_Cereba_chr6A-200417_TSD	1.112	0.0212948954968947	-0.0297484552965465
RLG_AlonCN58138Al_Cereba_chr6A-207286_TSD	0.633	0.0267273444411519	-0.0366704142344848
RLG_AlonCN58138Al_Cereba_chr6A-212345_TSD	0.931	0.0258186894651263	-0.0403155901106933
RLG_AlonCN58138Al_Cereba_chr6A-265422_TSD	1.325	0.0243960587827114	-0.0362060407449588
RLG_AlonCN58138Al_Cereba_chr7A-287601_TSD	1.193	0.0257915750952652	-0.0394207986876201
RLG_AlonCN58138Al_Cereba_chr7A-313869_TSD	1.417	0.0176534387662618	-0.0241586432390581
RLG_AlonCN58138Al_Cereba_chr7A-315832_TSD	1.324	0.0192023092375807	-0.0177879192131552
RLG_AlonCN58138Al_Cereba_chr7A-318907_TSD	1.151	0.0286962629734842	-0.0407577730006856
RLG_AlonCN58138Al_Cereba_chr7A-322000_TSD	1.238	0.0192151362700181	-0.0202262226892099
RLG_AlonCN58138Al_Cereba_chr7A-322624_TSD	1.637	0.0183208952972592	-0.0237765306234629
RLG_AlonCN58138Al_Cereba_chr7A-322899_TSD	1.107	0.0224350319756055	-0.0327340066339766
RLG_AlonCN58138Al_Cereba_chr7A-323229_TSD	0.933	0.0220662288299822	-0.0233735976333874
RLG_AlonCN58138Al_Cereba_chr7A-323975_TSD	1.127	0.0238290140059196	-0.0398923644219182
RLG_AlonCN58138Al_Cereba_chr7A-324017_TSD	1.238	0.0172077632447334	-0.0186790322759994
RLG_AlonCN58138Al_Cereba_chr7A-368337_TSD	1.245	0.0201501593494796	-0.0220338998749527
RLG_AlonCN58138Al_Cereba_chr7A-410585_TSD	0.821	0.0220553602342666	-0.0345599670180556
RLG_AsatOT3098_Cereba_chr1A-120622_TSD	1.19	0.0191214025743346	-0.0328799658624946
RLG_AsatOT3098_Cereba_chr1A-130401_TSD	0.893	0.0198670484758419	-0.020041563276596
RLG_AsatOT3098_Cereba_chr1A-131801_TSD	0.921	0.0183872480841672	-0.0246863362982088
RLG_AsatOT3098_Cereba_chr1A-153336_TSD	0.641	0.0227753180718102	-0.0383505081038531
RLG_AsatOT3098_Cereba_chr1A-154674_TSD	1.421	0.0229980194414911	-0.0218407484956388
RLG_AsatOT3098_Cereba_chr1A-155051_TSD	0.861	0.0193399165555847	-0.0404588180265057
RLG_AsatOT3098_Cereba_chr1A-158531_TSD	0.762	0.0180110993945789	-0.0355613144633547
RLG_AsatOT3098_Cereba_chr1A-169368_TSD	0.806	0.0274063001285109	-0.0378575336924069
RLG_AsatOT3098_Cereba_chr1D-142343_TSD	0.975	0.0227628394151045	-0.0340086043555436
RLG_AsatOT3098_Cereba_chr1D-142491_TSD	0.976	0.0198028838340239	-0.0238594154950897
RLG_AsatOT3098_Cereba_chr1D-145239_TSD	0.777	0.0252529294359309	-0.0397084641927092
RLG_AsatOT3098_Cereba_chr1D-150125_TSD	1.329	0.0251952778152017	-0.045120612349483
RLG_AsatOT3098_Cereba_chr1D-193472_TSD	0.849	0.0189670008374198	-0.0225299251884579
RLG_AsatOT3098_Cereba_chr1D-203281_TSD	0.463	0.0164552560663152	-0.0203377332342854
RLG_AsatOT3098_Cereba_chr1D-206975_TSD	0.674	0.0219074866615427	-0.0289377404464605
RLG_AsatOT3098_Cereba_chr1D-417640_TSD	0.763	0.0200373320608368	-0.0275389964934391
RLG_AsatOT3098_Cereba_chr2A-019446_TSD	0.891	0.0242125293846595	-0.0419368056907726
RLG_AsatOT3098_Cereba_chr2A-069724_TSD	1.063	0.0140712796877525	-0.019312512533205
RLG_AsatOT3098_Cereba_chr2A-122682_TSD	0.847	0.0175448548974052	-0.0220887149323105
RLG_AsatOT3098_Cereba_chr2A-138982_TSD	0.975	0.0182294000493472	-0.0238407692684148
RLG_AsatOT3098_Cereba_chr2A-152281_TSD	0.549	0.022612308234621	-0.0243275544651378
RLG_AsatOT3098_Cereba_chr2A-155768_TSD	0.89	0.0208406797822903	-0.0233078686409421
RLG_AsatOT3098_Cereba_chr2A-160246_TSD	1.545	0.0257654881944138	-0.0360111924468855
RLG_AsatOT3098_Cereba_chr2A-199708_TSD	0.804	0.020574338588282	-0.0328352806584227
RLG_AsatOT3098_Cereba_chr2A-213703_TSD	1.369	0.0255182645809574	-0.025775458311274
RLG_AsatOT3098_Cereba_chr2A-232630_TSD	1.079	0.0236585528920486	-0.0196833614530679
RLG_AsatOT3098_Cereba_chr2A-276077_TSD	0.42	0.0205457658380987	-0.0399713742161627
RLG_AsatOT3098_Cereba_chr2A-288455_TSD	0.505	0.0192318525307461	-0.027683483491667
RLG_AsatOT3098_Cereba_chr2A-357136_TSD	0.676	0.0238655956084448	-0.0353547670393076
RLG_AsatOT3098_Cereba_chr2A-396732_TSD	0.676	0.0227176704295355	-0.0399159628730542
RLG_AsatOT3098_Cereba_chr2D-212262_TSD	0.804	0.0208614729935505	-0.0298639020935328
RLG_AsatOT3098_Cereba_chr2D-332878_TSD	0.506	0.0235165432520751	-0.0414842179754024
RLG_AsatOT3098_Cereba_chr2D-366157_TSD	0.933	0.0290959815295119	-0.0323512330247518
RLG_AsatOT3098_Cereba_chr2D-366353_TSD	0.632	0.0267886585738256	-0.0346707269894044
RLG_AsatOT3098_Cereba_chr2D-366633_TSD	0.804	0.023364710136422	-0.0305328187477098
RLG_AsatOT3098_Cereba_chr2D-366708_TSD	0.907	0.023450082753977	-0.0348784196775604
RLG_AsatOT3098_Cereba_chr2D-367001_TSD	1.647	0.0229753223755301	-0.0332365540671991
RLG_AsatOT3098_Cereba_chr2D-368119_TSD	0.912	0.0162930110969348	-0.0172173476232309
RLG_AsatOT3098_Cereba_chr2D-368484_TSD	1.725	0.0194452658829772	-0.0213010409865097
RLG_AsatOT3098_Cereba_chr2D-368901_TSD	0.893	0.0257168710369688	-0.0443300555850289
RLG_AsatOT3098_Cereba_chr2D-371628_TSD	1.195	0.0181011599552314	-0.0187486382278781
RLG_AsatOT3098_Cereba_chr2D-371695_TSD	1.281	0.024641366099744	-0.0396149586177667
RLG_AsatOT3098_Cereba_chr2D-373471_TSD	0.805	0.0246762761151042	-0.0381771269305833
RLG_AsatOT3098_Cereba_chr2D-456273_TSD	0.977	0.0219664199933539	-0.0266910461042432
RLG_AsatOT3098_Cereba_chr3A-103947_TSD	0.762	0.0200973882156486	-0.0194241212209271
RLG_AsatOT3098_Cereba_chr3A-226966_TSD	0.554	0.0224337532510082	-0.0429560780217783
RLG_AsatOT3098_Cereba_chr3A-233294_TSD	0.562	0.0198557276471617	-0.0241256352928676
RLG_AsatOT3098_Cereba_chr3A-235685_TSD	0.913	0.0207709196338228	-0.0167107432512196
RLG_AsatOT3098_Cereba_chr3A-246523_TSD	1.197	0.022772476271655	-0.0166113506651398
RLG_AsatOT3098_Cereba_chr3A-247958_TSD	0.717	0.0197308240714349	-0.032352621715517
RLG_AsatOT3098_Cereba_chr3A-249576_TSD	0.85	0.0221808624929702	-0.0205686845078364
RLG_AsatOT3098_Cereba_chr3A-251974_TSD	0.718	0.0235757896659911	-0.0332014883302757
RLG_AsatOT3098_Cereba_chr3D-059899_TSD	1.28	0.0291030002522982	-0.0415537546011919
RLG_AsatOT3098_Cereba_chr3D-066631_TSD	1.368	0.0267747871631957	-0.0436247166819843
RLG_AsatOT3098_Cereba_chr3D-114143_TSD	0.846	0.0265437143785982	-0.0402640784815262
RLG_AsatOT3098_Cereba_chr3D-147063_TSD	0.59	0.0226958972055782	-0.0212831082941322
RLG_AsatOT3098_Cereba_chr3D-196022_TSD	0.719	0.0218551059480698	-0.022348673379679
RLG_AsatOT3098_Cereba_chr3D-199188_TSD	1.02	0.0197258457618294	-0.0202754930978919
RLG_AsatOT3098_Cereba_chr3D-202177_TSD	0.634	0.0282482099993699	-0.0440726515827565
RLG_AsatOT3098_Cereba_chr3D-202390_TSD	0.718	0.0224940509748342	-0.0280526620625048
RLG_AsatOT3098_Cereba_chr3D-205036_TSD	1.425	0.0206719830613046	-0.0187208399886541
RLG_AsatOT3098_Cereba_chr3D-205333_TSD	1.071	0.0200894828052948	-0.0186619453795674
RLG_AsatOT3098_Cereba_chr3D-205537_TSD	0.55	0.0203836669716022	-0.0242780997388099
RLG_AsatOT3098_Cereba_chr3D-206295_TSD	0.89	0.0235153713147816	-0.0291488461030621
RLG_AsatOT3098_Cereba_chr3D-206458_TSD	1.37	0.0280366998240668	-0.0444932305446457
RLG_AsatOT3098_Cereba_chr3D-206513_TSD	0.632	0.0160773244887576	-0.017383982616818
RLG_AsatOT3098_Cereba_chr3D-207978_TSD	1.376	0.0275945929710738	-0.0428133165798929
RLG_AsatOT3098_Cereba_chr3D-209116_TSD	0.898	0.0215577415878107	-0.0158581848389187
RLG_AsatOT3098_Cereba_chr3D-217792_TSD	0.72	0.0187027791697296	-0.0289731117338418
RLG_AsatOT3098_Cereba_chr3D-299608_TSD	0.505	0.0243203622528779	-0.030779255292264
RLG_AsatOT3098_Cereba_chr3D-303874_TSD	0.636	0.0231785691911769	-0.0340415964345983
RLG_AsatOT3098_Cereba_chr4A-025122_TSD	0.593	0.0245319533725336	-0.0312003749873895
RLG_AsatOT3098_Cereba_chr4A-085306_TSD	0.978	0.017559184476731	-0.0351586120873237
RLG_AsatOT3098_Cereba_chr4A-114006_TSD	0.719	0.0213707163629097	-0.0384663796126806
RLG_AsatOT3098_Cereba_chr4A-117123_TSD	0.891	0.0246712165938103	-0.0388747404387229
RLG_AsatOT3098_Cereba_chr4A-117253_TSD	0.934	0.0167610876595026	-0.0211328095687007
RLG_AsatOT3098_Cereba_chr4A-117349_TSD	0.976	0.0233477901279387	-0.0295632210442553
RLG_AsatOT3098_Cereba_chr4A-117680_TSD	0.719	0.0138397873360442	-0.0204381034614689
RLG_AsatOT3098_Cereba_chr4A-117898_TSD	0.934	0.0229314815534897	-0.0324876322859333
RLG_AsatOT3098_Cereba_chr4A-117941_TSD	0.761	0.0230145185568013	-0.0320880596951236
RLG_AsatOT3098_Cereba_chr4A-118125_TSD	0.892	0.0256089560133015	-0.0318901383426348
RLG_AsatOT3098_Cereba_chr4A-118404_TSD	1.325	0.0216409632240935	-0.0226733931796766
RLG_AsatOT3098_Cereba_chr4A-118648_TSD	0.462	0.0137723795526108	-0.0166886351496751
RLG_AsatOT3098_Cereba_chr4A-118796_TSD	0.889	0.022900103908603	-0.037966594645103
RLG_AsatOT3098_Cereba_chr4A-118894_TSD	1.502	0.0233207723392868	-0.0274223534832932
RLG_AsatOT3098_Cereba_chr4A-119487_TSD	1.369	0.024005906414258	-0.0366005774425884
RLG_AsatOT3098_Cereba_chr4A-119495_TSD	0.983	0.0204108011519984	-0.0246527451695867
RLG_AsatOT3098_Cereba_chr4A-124162_TSD	1.459	0.0217476746544016	-0.0377217521432663
RLG_AsatOT3098_Cereba_chr4A-124688_TSD	1.107	0.0206509112702917	-0.0368942340380431
RLG_AsatOT3098_Cereba_chr4A-125371_TSD	1.08	0.0214745162706495	-0.0336297438399407
RLG_AsatOT3098_Cereba_chr4A-125389_TSD	0.939	0.0210541478660718	-0.028503959692031
RLG_AsatOT3098_Cereba_chr4A-126107_TSD	0.808	0.0143861991932433	-0.0141618370388607
RLG_AsatOT3098_Cereba_chr4A-126182_TSD	1.062	0.0233607665107181	-0.0385162440529784
RLG_AsatOT3098_Cereba_chr4A-126862_TSD	1.193	0.020869205746885	-0.0233543198270602
RLG_AsatOT3098_Cereba_chr4A-129588_TSD	0.719	0.023314359432697	-0.0370092737351435
RLG_AsatOT3098_Cereba_chr4A-130131_TSD	0.931	0.0250337890540545	-0.0398368394959719
RLG_AsatOT3098_Cereba_chr4A-161519_TSD	0.379	0.0228701207872509	-0.0372694001362937
RLG_AsatOT3098_Cereba_chr4A-240686_TSD	0.804	0.0237507402385044	-0.0455567324198607
RLG_AsatOT3098_Cereba_chr4A-309637_TSD	0.804	0.0249285687052246	-0.0401517921165878
RLG_AsatOT3098_Cereba_chr4C-043983_TSD	1.203	0.0241388750218418	-0.0376157183588531
RLG_AsatOT3098_Cereba_chr4D-049343_TSD	0.505	0.0216835503314198	-0.0269302221453513
RLG_AsatOT3098_Cereba_chr4D-096547_TSD	0.72	0.0240742493014366	-0.0404524734254968
RLG_AsatOT3098_Cereba_chr4D-126258_TSD	1.063	0.0196077954421817	-0.0326739895402077
RLG_AsatOT3098_Cereba_chr4D-141096_TSD	0.717	0.0199534362135089	-0.02186131684619
RLG_AsatOT3098_Cereba_chr4D-148364_TSD	1.195	0.026719365841852	-0.0390127516653899
RLG_AsatOT3098_Cereba_chr4D-156457_TSD	0.419	0.0231149957396198	-0.0415137073051643
RLG_AsatOT3098_Cereba_chr4D-156523_TSD	0.76	0.0254769517887071	-0.0386106042117333
RLG_AsatOT3098_Cereba_chr4D-156709_TSD	1.18	0.019443296116372	-0.0279107337160483
RLG_AsatOT3098_Cereba_chr4D-158960_TSD	0.55	0.0261599377939651	-0.0389419295818799
RLG_AsatOT3098_Cereba_chr4D-162053_TSD	1.042	0.0210152050570903	-0.0274733440321379
RLG_AsatOT3098_Cereba_chr4D-174607_TSD	0.892	0.0230730827013265	-0.0230458698571513
RLG_AsatOT3098_Cereba_chr4D-208264_TSD	0.804	0.0232777777623435	-0.043474722378804
RLG_AsatOT3098_Cereba_chr4D-208291_TSD	0.677	0.0231075414187299	-0.0435112988043413
RLG_AsatOT3098_Cereba_chr4D-210646_TSD	0.805	0.0237664671433212	-0.0466166229846234
RLG_AsatOT3098_Cereba_chr4D-270807_TSD	0.65	0.0226220557788609	-0.04720474162419
RLG_AsatOT3098_Cereba_chr4D-341230_TSD	0.892	0.0256307129416258	-0.0361641387649449
RLG_AsatOT3098_Cereba_chr5A-212610_TSD	1.236	0.0226760035598236	-0.039887072804932
RLG_AsatOT3098_Cereba_chr5A-213573_TSD	0.762	0.0230681091562811	-0.0394334378436575
RLG_AsatOT3098_Cereba_chr5A-213623_TSD	1.501	0.0159781940634534	-0.016741323721764
RLG_AsatOT3098_Cereba_chr5A-213631_TSD	0.677	0.0245310863951671	-0.0330658949024792
RLG_AsatOT3098_Cereba_chr5A-213820_TSD	1.152	0.0252004130221663	-0.0437348828055413
RLG_AsatOT3098_Cereba_chr5A-217777_TSD	1.063	0.0202309798994142	-0.0202850972437654
RLG_AsatOT3098_Cereba_chr5A-217992_TSD	1.769	0.0217896723835161	-0.0334527293132212
RLG_AsatOT3098_Cereba_chr5A-219676_TSD	0.632	0.0202910475354159	-0.0332268779249211
RLG_AsatOT3098_Cereba_chr5A-222465_TSD	1.018	0.0241796523929576	-0.0413697513713531
RLG_AsatOT3098_Cereba_chr5A-222481_TSD	0.676	0.0245132885795969	-0.0416116496963613
RLG_AsatOT3098_Cereba_chr5A-222859_TSD	0.936	0.0257941245619764	-0.0437960895888704
RLG_AsatOT3098_Cereba_chr5A-222974_TSD	1.675	0.0147839075419138	-0.031219407834707
RLG_AsatOT3098_Cereba_chr5A-223131_TSD	1.198	0.0244057069324845	-0.0387658690579627
RLG_AsatOT3098_Cereba_chr5A-223267_TSD	1.197	0.0234239359886765	-0.038423664006155
RLG_AsatOT3098_Cereba_chr5A-223294_TSD	0.976	0.024882100974265	-0.0384812787448887
RLG_AsatOT3098_Cereba_chr5A-223438_TSD	0.891	0.0236837529118471	-0.0385717196087463
RLG_AsatOT3098_Cereba_chr5A-223472_TSD	0.891	0.0236837529118471	-0.0385717196087463
RLG_AsatOT3098_Cereba_chr5A-223815_TSD	0.934	0.0234804670487239	-0.0387795838976675
RLG_AsatOT3098_Cereba_chr5A-224070_TSD	0.891	0.0239608298900513	-0.0310129603926345
RLG_AsatOT3098_Cereba_chr5A-224100_TSD	0.765	0.0218180987109521	-0.0389518639004743
RLG_AsatOT3098_Cereba_chr5A-224450_TSD	1.023	0.020375584736393	-0.0207493611632993
RLG_AsatOT3098_Cereba_chr5A-224786_TSD	0.976	0.0233303886699925	-0.0323823775429644
RLG_AsatOT3098_Cereba_chr5A-232710_TSD	0.933	0.0257096750758151	-0.04102507719039
RLG_AsatOT3098_Cereba_chr5A-329113_TSD	0.768	0.0216239171149482	-0.0392353516618222
RLG_AsatOT3098_Cereba_chr5A-377798_TSD	0.634	0.0216652552945185	-0.036422795060104
RLG_AsatOT3098_Cereba_chr5D-131117_TSD	1.237	0.0153729300043636	-0.0267157825065428
RLG_AsatOT3098_Cereba_chr5D-134222_TSD	0.591	0.0158710116572339	-0.029247644039853
RLG_AsatOT3098_Cereba_chr5D-165578_TSD	0.677	0.0179692945815825	-0.0249181876940601
RLG_AsatOT3098_Cereba_chr5D-166537_TSD	1.023	0.0218081133999293	-0.0342941100804617
RLG_AsatOT3098_Cereba_chr5D-177502_TSD	1.024	0.0279627974280828	-0.0398426058678197
RLG_AsatOT3098_Cereba_chr5D-186964_TSD	1.018	0.019519040536993	-0.0204433364762993
RLG_AsatOT3098_Cereba_chr5D-187466_TSD	0.856	0.0207853939532893	-0.0296482649226947
RLG_AsatOT3098_Cereba_chr5D-188214_TSD	0.599	0.0243211444966039	-0.0350314779965483
RLG_AsatOT3098_Cereba_chr5D-188303_TSD	0.852	0.0235922748796702	-0.0329277203041209
RLG_AsatOT3098_Cereba_chr5D-188422_TSD	1.545	0.0178098842387893	-0.0174544600316769
RLG_AsatOT3098_Cereba_chr5D-199642_TSD	0.978	0.0161018064745227	-0.0160298922879867
RLG_AsatOT3098_Cereba_chr5D-205957_TSD	1.018	0.0227908889126547	-0.0329689398732321
RLG_AsatOT3098_Cereba_chr5D-274527_TSD	0.918	0.0267817238882579	-0.0429913731894903
RLG_AsatOT3098_Cereba_chr6A-038397_TSD	0.633	0.0197086135735277	-0.0271603549920461
RLG_AsatOT3098_Cereba_chr6A-099125_TSD	1.546	0.0179942059676948	-0.029347476717242
RLG_AsatOT3098_Cereba_chr6A-130740_TSD	0.934	0.0236673623217591	-0.0343389687867866
RLG_AsatOT3098_Cereba_chr6A-133290_TSD	1.105	0.0253364203051897	-0.0376277174817164
RLG_AsatOT3098_Cereba_chr6A-133781_TSD	0.89	0.0190618376402067	-0.044197274974977
RLG_AsatOT3098_Cereba_chr6A-133980_TSD	0.976	0.0212307458566992	-0.0296865028068278
RLG_AsatOT3098_Cereba_chr6A-133992_TSD	0.847	0.0215449949309605	-0.0350344490260164
RLG_AsatOT3098_Cereba_chr6A-135155_TSD	1.147	0.0185471416278092	-0.0295108190686402
RLG_AsatOT3098_Cereba_chr6A-135591_TSD	1.283	0.0210619886684265	-0.0246357400110195
RLG_AsatOT3098_Cereba_chr6A-141328_TSD	1.065	0.0208931695422672	-0.024144791334158
RLG_AsatOT3098_Cereba_chr6A-142626_TSD	0.892	0.0188612146479778	-0.0414829918976137
RLG_AsatOT3098_Cereba_chr6A-142778_TSD	1.107	0.0258258409708625	-0.0397260294789413
RLG_AsatOT3098_Cereba_chr6A-165939_TSD	0.849	0.0239498094642665	-0.0405411387822633
RLG_AsatOT3098_Cereba_chr6A-180669_TSD	0.98	0.0277213149436262	-0.0380650893308736
RLG_AsatOT3098_Cereba_chr6A-240011_TSD	0.848	0.0268790183265067	-0.0456141709675572
RLG_AsatOT3098_Cereba_chr6D-005291_TSD	1.467	0.0190993824029534	-0.0211242541991494
RLG_AsatOT3098_Cereba_chr6D-005317_TSD	0.632	0.023893044515698	-0.0362326824990769
RLG_AsatOT3098_Cereba_chr6D-073666_TSD	1.154	0.0172651931517373	-0.0203758496475149
RLG_AsatOT3098_Cereba_chr6D-093137_TSD	1.108	0.0234253178835897	-0.0247856233979567
RLG_AsatOT3098_Cereba_chr6D-097453_TSD	0.675	0.0253630462733885	-0.0404925749754276
RLG_AsatOT3098_Cereba_chr6D-110435_TSD	0.549	0.0189950005110261	-0.0284205056276351
RLG_AsatOT3098_Cereba_chr6D-111793_TSD	0.935	0.0264865659171301	-0.04027245635582
RLG_AsatOT3098_Cereba_chr6D-223713_TSD	1.511	0.0219810989044931	-0.0276676235686532
RLG_AsatOT3098_Cereba_chr7A-096270_TSD	0.592	0.0160493591510675	-0.021913645890281
RLG_AsatOT3098_Cereba_chr7A-137911_TSD	0.761	0.0277197437362229	-0.0369802494743127
RLG_AsatOT3098_Cereba_chr7A-259117_TSD	1.198	0.0275739692540356	-0.0411062315537364
RLG_AsatOT3098_Cereba_chr7A-309944_TSD	0.724	0.0199695173561895	-0.0268843577818253
RLG_AsatOT3098_Cereba_chr7A-319898_TSD	1.139	0.0186232431771676	-0.0234846708066863
RLG_AsatOT3098_Cereba_chr7A-321099_TSD	1.237	0.0195044305261991	-0.0190705947199208
RLG_AsatOT3098_Cereba_chr7A-321271_TSD	1.197	0.023305342396528	-0.0256586874506914
RLG_AsatOT3098_Cereba_chr7A-321360_TSD	1.585	0.0229919132131687	-0.0226039764219063
RLG_AsatOT3098_Cereba_chr7A-321524_TSD	0.803	0.0207335326990145	-0.0191543626057264
RLG_AsatOT3098_Cereba_chr7A-328699_TSD	0.805	0.0195806224675351	-0.0205329628113513
RLG_AsatOT3098_Cereba_chr7A-328748_TSD	1.302	0.0236444426854454	-0.0337328383993125
RLG_AsatOT3098_Cereba_chr7A-329801_TSD	0.847	0.027231170471065	-0.0437813606776274
RLG_AsatOT3098_Cereba_chr7A-329820_TSD	0.676	0.0217667365682669	-0.0312253503075024
RLG_AsatOT3098_Cereba_chr7A-330199_TSD	0.676	0.0218205268555881	-0.0211407861359726
RLG_AsatOT3098_Cereba_chr7A-330789_TSD	1.288	0.021807997370638	-0.0204408265575084
RLG_AsatOT3098_Cereba_chr7A-330914_TSD	0.824	0.0226784472772683	-0.0374567470469094
RLG_AsatOT3098_Cereba_chr7A-356552_TSD	1.236	0.0268923222595826	-0.0409683854130944
RLG_AsatOT3098_Cereba_chr7A-374636_TSD	0.848	0.0208346586110446	-0.0220805391385945
RLG_AsatOT3098_Cereba_chr7A-410661_TSD	0.763	0.0207934122977178	-0.0358573006237851
RLG_AsatOT3098_Cereba_chr7D-199966_TSD	0.546	0.0272322069738933	-0.0411689437209995
RLG_AsatOT3098_Cereba_chr7D-202557_TSD	0.676	0.0234175423413605	-0.0199722283711689
RLG_AsatOT3098_Cereba_chr7D-214340_TSD	0.978	0.0167274544413113	-0.0146597344105465
RLG_AsatOT3098_Cereba_chr7D-214496_TSD	0.899	0.020014482303958	-0.0248257995106231
RLG_AsatOT3098_Cereba_chr7D-222941_TSD	0.674	0.0244988667145174	-0.0425794151496164
RLG_AsatOT3098_Cereba_chr7D-231291_TSD	0.934	0.0220802368827309	-0.0193908008931559
RLG_AsatOT3098_Cereba_chr7D-231335_TSD	1.725	0.018917526614109	-0.0162870126868418
RLG_AsatOT3098_Cereba_chr7D-232081_TSD	1.108	0.0248868862862421	-0.0266327294083843
RLG_AsatOT3098_Cereba_chr7D-232453_TSD	0.936	0.0215596315791893	-0.016777164583251
RLG_AsatOT3098_Cereba_chr7D-234636_TSD	0.89	0.0250132923609937	-0.041430107587256
RLG_AsatOT3098_Cereba_chr7D-377502_TSD	0.761	0.0215759786887786	-0.0348586508862911
