RLG_AatlCC7277As_Cereba_consensus-1_chr4A-200778_TSD	0.462	-0.0101733943498796	0.00591573973542399
RLG_AatlCC7277As_Cereba_consensus-1_chr5A-281896_TSD	0.377	-0.0106983992066155	0.00456755471391278
RLG_AatlCC7277As_Cereba_consensus-1_chr5A-298423_TSD	0.547	-0.0115318579078633	0.00687154732365982
RLG_AatlCC7277As_Cereba_consensus-1_chr6A-112756_TSD	0.377	-0.011119464785233	0.00856785521434709
RLG_AatlCC7277As_Cereba_consensus-1_chr6A-113072_TSD	0.462	-0.0104091584326179	0.00850784037658915
RLG_AatlCC7277As_Cereba_consensus-1_chr6A-114474_TSD	0.461	-0.0128507838596793	0.0046801666740431
RLG_AlonCN58138Al_Cereba_chr1A-239975_TSD	0.979	-0.0120321858872627	0.00693644852029497
RLG_AlonCN58138Al_Cereba_chr2A-296310_TSD	0.671	-0.0107157216675192	0.00992405442814054
RLG_AlonCN58138Al_Cereba_chr6A-204971_TSD	0.934	-0.0136296103755798	0.00988643060972942
RLG_AsatOT3098_Cereba_chr1A-025541_TSD	0.462	-0.00957141258746053	0.00666739698352307
RLG_AsatOT3098_Cereba_chr1A-113770_TSD	0.208	-0.0120228962340788	0.00998828790404234
RLG_AsatOT3098_Cereba_chr1A-153130_TSD	0.167	-0.0129805428224325	0.0058257774128749
RLG_AsatOT3098_Cereba_chr1A-154649_TSD	0.251	-0.0148723727954599	0.005592878804146
RLG_AsatOT3098_Cereba_chr1A-154776_TSD	0.42	-0.0116773517376109	0.00736219603176831
RLG_AsatOT3098_Cereba_chr1A-156645_TSD	0.167	-0.0121913999446702	0.00746645785862573
RLG_AsatOT3098_Cereba_chr1A-156956_TSD	0.167	-0.0115785620745731	0.00600816650193373
RLG_AsatOT3098_Cereba_chr1A-157061_TSD	0.125	-0.0144566331371576	0.00901306855000744
RLG_AsatOT3098_Cereba_chr1A-157807_TSD	0.209	-0.0131735066320831	0.0068721472040782
RLG_AsatOT3098_Cereba_chr2A-007207_TSD	0.209	-0.0116811093601145	0.00486719968540374
RLG_AsatOT3098_Cereba_chr2A-154785_TSD	0.083	-0.0132124921038488	0.00712653732125301
RLG_AsatOT3098_Cereba_chr2A-155907_TSD	0.209	-0.0135646402946052	0.0080224066696616
RLG_AsatOT3098_Cereba_chr2A-156055_TSD	0.041	-0.0126952412673801	0.00868763988499556
RLG_AsatOT3098_Cereba_chr2A-156157_TSD	0.806	-0.0107248600392239	0.00741688098507777
RLG_AsatOT3098_Cereba_chr2A-156527_TSD	0.167	-0.0125944838468833	0.0100850136789214
RLG_AsatOT3098_Cereba_chr2A-159460_TSD	0.42	-0.0119359098335134	0.00526801102288564
RLG_AsatOT3098_Cereba_chr2A-166178_TSD	0.168	-0.0142733320237667	0.00562108029370703
RLG_AsatOT3098_Cereba_chr2A-333918_TSD	0.335	-0.00953620877983252	0.00879581414936358
RLG_AsatOT3098_Cereba_chr3A-238546_TSD	0.167	-0.0142290395832563	0.00583208050355562
RLG_AsatOT3098_Cereba_chr3A-238873_TSD	0.251	-0.0135960347349059	0.00773800195561222
RLG_AsatOT3098_Cereba_chr3A-238989_TSD	0.125	-0.0142679725867621	0.00669356279183911
RLG_AsatOT3098_Cereba_chr3A-239195_TSD	0.335	-0.0138708853759682	0.00619646680849229
RLG_AsatOT3098_Cereba_chr3A-240484_TSD	0.378	-0.0123924998076148	0.00582396703023053
RLG_AsatOT3098_Cereba_chr3A-241275_TSD	0.209	-0.0103649420540727	0.00973474684900552
RLG_AsatOT3098_Cereba_chr4A-118390_TSD	0.335	-0.0122465194763667	0.00505891580254397
RLG_AsatOT3098_Cereba_chr4A-118919_TSD	0.335	-0.0091648209580732	0.00481849794427037
RLG_AsatOT3098_Cereba_chr4A-120750_TSD	0.209	-0.0142270791633876	0.00617877621700515
RLG_AsatOT3098_Cereba_chr4A-120947_TSD	0.335	-0.0116113055773613	0.00545318732212636
RLG_AsatOT3098_Cereba_chr4A-163769_TSD	0.167	-0.0117061329251797	0.00806442306112226
RLG_AsatOT3098_Cereba_chr4A-341424_TSD	0	-0.0142463651601738	0.00582278218841305
RLG_AsatOT3098_Cereba_chr5A-155870_TSD	0.42	-0.0110859415152653	0.00684211817725644
RLG_AsatOT3098_Cereba_chr5A-202733_TSD	0.293	-0.0129407005319431	0.00838098118982314
RLG_AsatOT3098_Cereba_chr5A-213959_TSD	0.335	-0.0126239770049939	0.00731053506928406
RLG_AsatOT3098_Cereba_chr5A-214237_TSD	0.633	-0.0127248830653571	0.00448045924047547
RLG_AsatOT3098_Cereba_chr5A-214929_TSD	0.167	-0.0139762030489179	0.00732063227386878
RLG_AsatOT3098_Cereba_chr5A-215872_TSD	0.634	-0.0141437728081859	0.00577027956517185
RLG_AsatOT3098_Cereba_chr5A-216104_TSD	0.293	-0.0134868986278461	0.00577446527064439
RLG_AsatOT3098_Cereba_chr5A-216156_TSD	0.167	-0.0132239050312353	0.0063459870596385
RLG_AsatOT3098_Cereba_chr5A-216313_TSD	0.209	-0.0138513940959053	0.0049505236824562
RLG_AsatOT3098_Cereba_chr5A-216397_TSD	0.083	-0.0148644112767591	0.00562474561880814
RLG_AsatOT3098_Cereba_chr5A-216530_TSD	0.167	-0.00879048778196902	0.00944974740355601
RLG_AsatOT3098_Cereba_chr5A-216614_TSD	0.293	-0.0118427126304024	0.00884681024246698
RLG_AsatOT3098_Cereba_chr5A-216856_TSD	0.083	-0.0121052038779647	0.00610491479464631
RLG_AsatOT3098_Cereba_chr5A-217160_TSD	0.335	-0.0141936929798908	0.00552175729102579
RLG_AsatOT3098_Cereba_chr5A-217184_TSD	0.335	-0.0134937857247733	0.00520082639289164
RLG_AsatOT3098_Cereba_chr5A-217819_TSD	0.167	-0.0119276286591947	0.00876334273401885
RLG_AsatOT3098_Cereba_chr5A-217861_TSD	0.209	-0.0135741447388929	0.00801699157041954
RLG_AsatOT3098_Cereba_chr5A-218709_TSD	0.25	-0.01123811752182	0.00706416575329895
RLG_AsatOT3098_Cereba_chr5A-219022_TSD	0.083	-0.0144596409554346	0.00700187165180083
RLG_AsatOT3098_Cereba_chr5A-220152_TSD	0.419	-0.0117300703600978	0.0105217330243139
RLG_AsatOT3098_Cereba_chr5A-220159_TSD	0.76	-0.011079658982175	0.00696550009441177
RLG_AsatOT3098_Cereba_chr5A-220261_TSD	0.335	-0.00866548662979164	0.00890805793260925
RLG_AsatOT3098_Cereba_chr5A-220895_TSD	0.251	-0.0111845983947213	0.00896299034255326
RLG_AsatOT3098_Cereba_chr5A-221297_TSD	0.462	-0.00977803982104525	0.0077540761897875
RLG_AsatOT3098_Cereba_chr5A-221313_TSD	0.167	-0.0140828957162045	0.00530473361741735
RLG_AsatOT3098_Cereba_chr5A-222243_TSD	0.21	-0.0135786283202171	0.0059379129551952
RLG_AsatOT3098_Cereba_chr5A-222268_TSD	0.76	-0.0128243377567835	0.00799442701623859
RLG_AsatOT3098_Cereba_chr5A-223692_TSD	0.209	-0.0106259477250863	0.00695323486988473
RLG_AsatOT3098_Cereba_chr5A-233994_TSD	0.209	-0.0138279105373141	0.00671280657822724
RLG_AsatOT3098_Cereba_chr6A-044005_TSD	0.251	-0.0141518305993888	0.00700462980998094
RLG_AsatOT3098_Cereba_chr6A-131909_TSD	0.547	-0.0108972560311862	0.00583093452707371
RLG_AsatOT3098_Cereba_chr6A-134853_TSD	0.547	-0.0120350526011235	0.00503940722853808
RLG_AsatOT3098_Cereba_chr6A-134963_TSD	0.335	-0.0110561549983043	0.00610231661179586
RLG_AsatOT3098_Cereba_chr6A-134986_TSD	0.548	-0.00963866351702716	0.00682572249519737
RLG_AsatOT3098_Cereba_chr6A-135206_TSD	0.463	-0.00936305892249645	0.00812556283088386
RLG_AsatOT3098_Cereba_chr6A-135647_TSD	0.167	-0.0122248395715741	0.00925260734561718
RLG_AsatOT3098_Cereba_chr6A-136054_TSD	0.251	-0.0105507973159872	0.00639807435196347
RLG_AsatOT3098_Cereba_chr6A-136542_TSD	0.293	-0.0119750951673717	0.00802375632548474
RLG_AsatOT3098_Cereba_chr6A-136690_TSD	0.167	-0.011322083814834	0.00982434509251305
RLG_AsatOT3098_Cereba_chr6A-136897_TSD	0.505	-0.0113336552135448	0.00674903936729385
RLG_AsatOT3098_Cereba_chr6A-137026_TSD	0.167	-0.0118989561930311	0.00885779995964873
RLG_AsatOT3098_Cereba_chr6A-137686_TSD	0.209	-0.0111663007976901	0.00648192328316663
RLG_AsatOT3098_Cereba_chr6A-137805_TSD	0.251	-0.0121261119709084	0.00508759189322091
RLG_AsatOT3098_Cereba_chr6A-137820_TSD	0.378	-0.0099809328285068	0.00642437225932761
RLG_AsatOT3098_Cereba_chr6A-138653_TSD	0.125	-0.0133597966163958	0.00710212019825514
RLG_AsatOT3098_Cereba_chr6A-138955_TSD	0.209	-0.0139848321777018	0.00725561932786625
RLG_AsatOT3098_Cereba_chr6A-139239_TSD	0.547	-0.0113649252139108	0.0059204832655125
RLG_AsatOT3098_Cereba_chr6A-139298_TSD	0.378	-0.0097714692067154	0.00866253413862452
RLG_AsatOT3098_Cereba_chr6A-139529_TSD	0.293	-0.0112990179974317	0.00616972959343561
RLG_AsatOT3098_Cereba_chr6A-140399_TSD	0.167	-0.0114316610649327	0.00943607158463728
RLG_AsatOT3098_Cereba_chr6A-140817_TSD	0.42	-0.012222154152835	0.00525975476346701
RLG_AsatOT3098_Cereba_chr6A-141342_TSD	0.377	-0.00942864807091201	0.0050662054536667
RLG_AsatOT3098_Cereba_chr6A-141452_TSD	0.463	-0.0112210920052636	0.00536871744239439
RLG_AsatOT3098_Cereba_chr6A-141957_TSD	0.42	-0.0120887100781036	0.00515718419097138
RLG_AsatOT3098_Cereba_chr6A-142567_TSD	0.209	-0.0116025454026174	0.00859618349335054
RLG_AsatOT3098_Cereba_chr6A-143139_TSD	0.166	-0.0123867347535972	0.00976496655656701
RLG_AsatOT3098_Cereba_chr6A-168915_TSD	0.293	-0.00973517938528216	0.00797032785094938
RLG_AsatOT3098_Cereba_chr7A-307502_TSD	0.251	-0.0104484775265028	0.00868884154785824
RLG_AsatOT3098_Cereba_chr7A-321335_TSD	0.251	-0.0125589161971464	0.00428533618849714
RLG_AsatOT3098_Cereba_chr7A-321583_TSD	0.125	-0.0102796292315049	0.0101566459405707
RLG_AsatOT3098_Cereba_chr7A-321927_TSD	0.42	-0.0124367592360691	0.00659808797075755
RLG_AsatOT3098_Cereba_chr7A-321940_TSD	0.209	-0.0110133666474271	0.00849688336811371
RLG_AsatOT3098_Cereba_chr7A-322073_TSD	0.125	-0.0129680144507281	0.00631841872658745
RLG_AsatOT3098_Cereba_chr7A-323018_TSD	0.125	-0.0140026196383704	0.00530424124849395
RLG_AsatOT3098_Cereba_chr7A-323748_TSD	0.505	-0.01318447278881	0.00686962836364688
RLG_AsatOT3098_Cereba_chr7A-324348_TSD	0.335	-0.0118006631622438	0.00874761920713793
RLG_AsatOT3098_Cereba_chr7A-324630_TSD	0.251	-0.0143556798860348	0.00596813657950146
RLG_AsatOT3098_Cereba_chr7A-324801_TSD	0.505	-0.0121964170377826	0.00560611671972543
RLG_AsatOT3098_Cereba_chr7A-324948_TSD	0.209	-0.0104065776856064	0.00617391790749674
RLG_AsatOT3098_Cereba_chr7A-325221_TSD	0.251	-0.0142073496910772	0.0055634184901597
RLG_AsatOT3098_Cereba_chr7A-325623_TSD	0.211	-0.00944479203412215	0.00690244259972156
RLG_AsatOT3098_Cereba_chr7A-325929_TSD	0.209	-0.0118293809731957	0.0103166082387835
RLG_AsatOT3098_Cereba_chr7A-325975_TSD	0.167	-0.0105441890461719	0.0105938426142397
RLG_AsatOT3098_Cereba_chr7A-326283_TSD	0.167	-0.0102624211158489	0.00762513243068929
RLG_AsatOT3098_Cereba_chr7A-326930_TSD	0.125	-0.0145697841016339	0.00464165898410944
RLG_AsatOT3098_Cereba_chr7A-327096_TSD	0.377	-0.0104036203018625	0.00800159258161371
RLG_AsatOT3098_Cereba_chr7A-327688_TSD	0.167	-0.0113032364440121	0.00974122440498568
RLG_AsatOT3098_Cereba_chr7A-327736_TSD	0.462	-0.0134839203319229	0.0057418516519505
RLG_AsatOT3098_Cereba_chr7A-328071_TSD	0.934	-0.010840464442209	0.00969490464561124
RLG_AsatOT3098_Cereba_chr7A-328125_TSD	0.167	-0.011729207340039	0.0082983532848099
RLG_AsatOT3098_Cereba_chr7A-328177_TSD	0	-0.0121430600770175	0.00843153094254167
RLG_AsatOT3098_Cereba_chr7A-328482_TSD	0.208	-0.0147343836406772	0.00585177640219216
RLG_AsatOT3098_Cereba_chr7A-328790_TSD	0.209	-0.0143057681991943	0.00605789146648119
RLG_AsatOT3098_Cereba_chr7A-328820_TSD	0.083	-0.0131842410676612	0.00649228741947405
RLG_AsatOT3098_Cereba_chr7A-328932_TSD	0.125	-0.0146038509019487	0.00608502507467496
RLG_AsatOT3098_Cereba_chr7A-329131_TSD	0.167	-0.0115271914511031	0.00989932387970732
RLG_AsatOT3098_Cereba_chr7A-329169_TSD	0.169	-0.0143339551920435	0.00613499865992869
RLG_AsatOT3098_Cereba_chr7A-329542_TSD	0.251	-0.0119403593352118	0.00554981131524019
RLG_AsatOT3098_Cereba_chr7A-329615_TSD	0.505	-0.0108586539720682	0.00545775411678111
RLG_AsatOT3098_Cereba_chr7A-330137_TSD	0.336	-0.00980988115621861	0.0041715560000354
RLG_AsatOT3098_Cereba_chr7A-381974_TSD	0.42	-0.0144234196024196	0.00556297746572256
RLG_AsatOT3098_Cereba_chr7D-527934_TSD	0.167	-0.0149574385344113	0.00585147410440467
