RLG_AatlCC7277As_Cereba_consensus-1_chr1A-019239_TSD	0.041	-0.0366855477250646	-0.0193796051179239
RLG_AatlCC7277As_Cereba_consensus-1_chr1A-019267_TSD	0.296	-0.0368459902923986	-0.0196236664557342
RLG_AatlCC7277As_Cereba_consensus-1_chr1A-183165_TSD	0.041	-0.0356616321783556	-0.0204240793747993
RLG_AatlCC7277As_Cereba_consensus-1_chr1A-217564_TSD	0	-0.0361069174244401	-0.0208933383070141
RLG_AatlCC7277As_Cereba_consensus-1_chr1A-225605_TSD	0.041	-0.036857137891924	-0.020065013781291
RLG_AatlCC7277As_Cereba_consensus-1_chr1A-225639_TSD	0	-0.0367537212856051	-0.0224724151986255
RLG_AatlCC7277As_Cereba_consensus-1_chr1A-227756_TSD	0.083	-0.037291409251517	-0.0219244300760627
RLG_AatlCC7277As_Cereba_consensus-1_chr1A-231065_TSD	0	-0.0363316781055315	-0.0195923312784568
RLG_AatlCC7277As_Cereba_consensus-1_chr1A-231100_TSD	0	-0.0371184819429776	-0.0219195758205739
RLG_AatlCC7277As_Cereba_consensus-1_chr1A-231532_TSD	0.041	-0.0373301629336467	-0.0217109337294684
RLG_AatlCC7277As_Cereba_consensus-1_chr1A-231846_TSD	0	-0.0359542802726461	-0.0201969018021799
RLG_AatlCC7277As_Cereba_consensus-1_chr1A-232310_TSD	0.125	-0.0363501667152198	-0.0200956714034314
RLG_AatlCC7277As_Cereba_consensus-1_chr1A-232731_TSD	0	-0.0367551103879607	-0.0224707577889971
RLG_AatlCC7277As_Cereba_consensus-1_chr1A-232800_TSD	0.041	-0.035368014174391	-0.0218330121513558
RLG_AatlCC7277As_Cereba_consensus-1_chr1A-232951_TSD	0	-0.0351976652050185	-0.0192655627732371
RLG_AatlCC7277As_Cereba_consensus-1_chr1A-232974_TSD	0.041	-0.0348670283815707	-0.0196757467018915
RLG_AatlCC7277As_Cereba_consensus-1_chr1A-233011_TSD	0.041	-0.0351177197315602	-0.0251540450988056
RLG_AatlCC7277As_Cereba_consensus-1_chr1A-233053_TSD	0.083	-0.0360396900715452	-0.0206257235947652
RLG_AatlCC7277As_Cereba_consensus-1_chr1A-233158_TSD	0.083	-0.0363923314075065	-0.0215015084172895
RLG_AatlCC7277As_Cereba_consensus-1_chr1A-233187_TSD	0.125	-0.0378638096766395	-0.0223724490169742
RLG_AatlCC7277As_Cereba_consensus-1_chr1A-233435_TSD	0	-0.0350742094520237	-0.0194589031035419
RLG_AatlCC7277As_Cereba_consensus-1_chr1A-233465_TSD	0.042	-0.0361372060360641	-0.022059496219978
RLG_AatlCC7277As_Cereba_consensus-1_chr1A-233563_TSD	0	-0.0349337436803999	-0.0193607114820702
RLG_AatlCC7277As_Cereba_consensus-1_chr1A-233717_TSD	0.595	-0.0350133114199516	-0.0210650080994905
RLG_AatlCC7277As_Cereba_consensus-1_chr1A-233736_TSD	0.423	-0.0358662087248226	-0.0208218291049725
RLG_AatlCC7277As_Cereba_consensus-1_chr1A-233750_TSD	0.041	-0.036240902477063	-0.0223831234825882
RLG_AatlCC7277As_Cereba_consensus-1_chr1A-234102_TSD	0.125	-0.0367594156619094	-0.0210295241513462
RLG_AatlCC7277As_Cereba_consensus-1_chr1A-303431_TSD	0.083	-0.0361953321143327	-0.0208833830374478
RLG_AatlCC7277As_Cereba_consensus-1_chr2A-202416_TSD	0	-0.0364697812760298	-0.022251817814026
RLG_AatlCC7277As_Cereba_consensus-1_chr2A-203104_TSD	0.041	-0.0366781075584227	-0.0230836335782032
RLG_AatlCC7277As_Cereba_consensus-1_chr2A-203408_TSD	0.041	-0.0370768757474726	-0.0225521765910095
RLG_AatlCC7277As_Cereba_consensus-1_chr2A-203482_TSD	0.041	-0.0356273573790891	-0.0198309780297467
RLG_AatlCC7277As_Cereba_consensus-1_chr2A-203657_TSD	0.083	-0.0358775045940592	-0.0207330296515358
RLG_AatlCC7277As_Cereba_consensus-1_chr2A-203978_TSD	0	-0.0366932149173479	-0.0223385410947319
RLG_AatlCC7277As_Cereba_consensus-1_chr2A-204170_TSD	0.125	-0.0373276001517475	-0.021961251848609
RLG_AatlCC7277As_Cereba_consensus-1_chr2A-204927_TSD	0	-0.0380300047932432	-0.0220930614456099
RLG_AatlCC7277As_Cereba_consensus-1_chr2A-205257_TSD	0.041	-0.0382492046455322	-0.0219059985371575
RLG_AatlCC7277As_Cereba_consensus-1_chr2A-261731_TSD	0.041	-0.0373406267212244	-0.0221003698351566
RLG_AatlCC7277As_Cereba_consensus-1_chr3A-252550_TSD	0	-0.0352129105679607	-0.0187934816802419
RLG_AatlCC7277As_Cereba_consensus-1_chr3A-257919_TSD	0.251	-0.035422654272051	-0.0199549059845279
RLG_AatlCC7277As_Cereba_consensus-1_chr3A-258531_TSD	0.209	-0.0361466252445071	-0.0224503821906063
RLG_AatlCC7277As_Cereba_consensus-1_chr3A-259004_TSD	0.041	-0.037998059423544	-0.022846841716954
RLG_AatlCC7277As_Cereba_consensus-1_chr3A-259348_TSD	0.041	-0.0376687067894837	-0.0227807103511541
RLG_AatlCC7277As_Cereba_consensus-1_chr3A-259509_TSD	0	-0.0351450658269335	-0.0194837337872921
RLG_AatlCC7277As_Cereba_consensus-1_chr3A-259536_TSD	0	-0.0366206875814594	-0.0213009935085511
RLG_AatlCC7277As_Cereba_consensus-1_chr3A-259787_TSD	0	-0.0360907352863924	-0.0217074532251617
RLG_AatlCC7277As_Cereba_consensus-1_chr3A-259812_TSD	0	-0.0366713220443917	-0.0220458123805181
RLG_AatlCC7277As_Cereba_consensus-1_chr3A-260356_TSD	0	-0.0356258747007088	-0.0201696384907744
RLG_AatlCC7277As_Cereba_consensus-1_chr3A-260494_TSD	0	-0.0364668030458191	-0.0224794945177541
RLG_AatlCC7277As_Cereba_consensus-1_chr3A-260765_TSD	0.041	-0.0371196409638914	-0.0212941555761886
RLG_AatlCC7277As_Cereba_consensus-1_chr3A-261222_TSD	0.083	-0.0368880473015531	-0.0224502550486197
RLG_AatlCC7277As_Cereba_consensus-1_chr3A-261598_TSD	0.041	-0.0361074256777296	-0.0212266625014491
RLG_AatlCC7277As_Cereba_consensus-1_chr3A-261995_TSD	0	-0.0374335034482706	-0.022070833515334
RLG_AatlCC7277As_Cereba_consensus-1_chr3A-262102_TSD	0.125	-0.0346403467520605	-0.0185891198689102
RLG_AatlCC7277As_Cereba_consensus-1_chr3A-262163_TSD	0.041	-0.0374385436359862	-0.0232716272318905
RLG_AatlCC7277As_Cereba_consensus-1_chr3A-262352_TSD	0	-0.0369230555977182	-0.0222737371776292
RLG_AatlCC7277As_Cereba_consensus-1_chr3A-262692_TSD	0.209	-0.0344632162024184	-0.0185875753351546
RLG_AatlCC7277As_Cereba_consensus-1_chr3A-263036_TSD	0.083	-0.0356790102037265	-0.0203941908353621
RLG_AatlCC7277As_Cereba_consensus-1_chr3A-263292_TSD	0	-0.036518973610496	-0.0214225414799537
RLG_AatlCC7277As_Cereba_consensus-1_chr3A-267396_TSD	0.212	-0.0364353792757458	-0.0214068177306345
RLG_AatlCC7277As_Cereba_consensus-1_chr3A-359637_TSD	0.167	-0.0374373781729748	-0.0232608953595401
RLG_AatlCC7277As_Cereba_consensus-1_chr3A-385575_TSD	0	-0.0355866239553812	-0.0195122219746574
RLG_AatlCC7277As_Cereba_consensus-1_chr3A-504516_TSD	0	-0.0350039376032682	-0.0189429027516393
RLG_AatlCC7277As_Cereba_consensus-1_chr4A-159459_TSD	0.167	-0.0365643170569795	-0.0215635257940553
RLG_AatlCC7277As_Cereba_consensus-1_chr4A-184498_TSD	0	-0.0361199727488289	-0.0201582656094296
RLG_AatlCC7277As_Cereba_consensus-1_chr4A-186039_TSD	0.041	-0.0366211938178982	-0.0218134991073479
RLG_AatlCC7277As_Cereba_consensus-1_chr4A-193661_TSD	0.041	-0.0373332967624311	-0.0223530517868666
RLG_AatlCC7277As_Cereba_consensus-1_chr4A-196560_TSD	0	-0.0366153197448538	-0.0219250404288328
RLG_AatlCC7277As_Cereba_consensus-1_chr4A-198826_TSD	0	-0.0371784173194914	-0.0219038389014501
RLG_AatlCC7277As_Cereba_consensus-1_chr4A-198920_TSD	0	-0.0375237673505103	-0.0220953624963543
RLG_AatlCC7277As_Cereba_consensus-1_chr4A-199063_TSD	0.125	-0.0375899926635214	-0.0227550120395524
RLG_AatlCC7277As_Cereba_consensus-1_chr4A-199206_TSD	0	-0.0364571127295712	-0.0215578335055452
RLG_AatlCC7277As_Cereba_consensus-1_chr4A-199394_TSD	0.083	-0.0367493262938971	-0.0203418281031372
RLG_AatlCC7277As_Cereba_consensus-1_chr4A-199571_TSD	0	-0.0371878782010365	-0.0219806875216232
RLG_AatlCC7277As_Cereba_consensus-1_chr4A-199734_TSD	0.548	-0.0359772286720097	-0.0200278998559576
RLG_AatlCC7277As_Cereba_consensus-1_chr4A-199761_TSD	0.083	-0.0365170251608898	-0.0213686685977166
RLG_AatlCC7277As_Cereba_consensus-1_chr4A-199974_TSD	0	-0.0365988520020036	-0.0222353544807345
RLG_AatlCC7277As_Cereba_consensus-1_chr4A-200213_TSD	0.298	-0.0366446421353612	-0.0201542279196825
RLG_AatlCC7277As_Cereba_consensus-1_chr4A-200274_TSD	0.125	-0.0357325481734674	-0.01978884413157
RLG_AatlCC7277As_Cereba_consensus-1_chr4A-200408_TSD	0	-0.0369799258252544	-0.0215973028592642
RLG_AatlCC7277As_Cereba_consensus-1_chr4A-200588_TSD	0.251	-0.0373355123346418	-0.022312902607502
RLG_AatlCC7277As_Cereba_consensus-1_chr4A-200747_TSD	0	-0.0373792107041184	-0.0220542831690359
RLG_AatlCC7277As_Cereba_consensus-1_chr4A-200762_TSD	0.041	-0.0374895151599471	-0.0215334207630349
RLG_AatlCC7277As_Cereba_consensus-1_chr4A-200939_TSD	0.518	-0.0345071711712538	-0.0208980296221063
RLG_AatlCC7277As_Cereba_consensus-1_chr4A-200956_TSD	0.041	-0.037224820514798	-0.021152331847606
RLG_AatlCC7277As_Cereba_consensus-1_chr4A-201003_TSD	0.25	-0.0373384536250063	-0.0216765123550653
RLG_AatlCC7277As_Cereba_consensus-1_chr4A-201039_TSD	0.167	-0.0361164351888695	-0.0193512844124515
RLG_AatlCC7277As_Cereba_consensus-1_chr4A-201047_TSD	0	-0.036944826749737	-0.021724227865481
RLG_AatlCC7277As_Cereba_consensus-1_chr4A-201196_TSD	0.083	-0.0342414212608636	-0.0201933726370188
RLG_AatlCC7277As_Cereba_consensus-1_chr4A-201213_TSD	0	-0.0368929012235016	-0.0226266247035312
RLG_AatlCC7277As_Cereba_consensus-1_chr4A-201351_TSD	0	-0.0369648775047416	-0.0232260904316301
RLG_AatlCC7277As_Cereba_consensus-1_chr4A-201433_TSD	0.167	-0.0372444913247868	-0.0241329034543718
RLG_AatlCC7277As_Cereba_consensus-1_chr4A-201675_TSD	0	-0.0377320847745659	-0.0225528194838735
RLG_AatlCC7277As_Cereba_consensus-1_chr4A-201696_TSD	0	-0.0375557275914129	-0.022133123122224
RLG_AatlCC7277As_Cereba_consensus-1_chr4A-201741_TSD	0.083	-0.0360290106486169	-0.0195949588381379
RLG_AatlCC7277As_Cereba_consensus-1_chr4A-201898_TSD	0	-0.0363082268843421	-0.0214553478277861
RLG_AatlCC7277As_Cereba_consensus-1_chr4A-201977_TSD	0	-0.0359550448033256	-0.0190481574524942
RLG_AatlCC7277As_Cereba_consensus-1_chr4A-202131_TSD	0	-0.0373470756944048	-0.0229691357346889
RLG_AatlCC7277As_Cereba_consensus-1_chr4A-202469_TSD	0.083	-0.0363034237882257	-0.0221396744576301
RLG_AatlCC7277As_Cereba_consensus-1_chr4A-202653_TSD	0.041	-0.0354621462345104	-0.0194097650616189
RLG_AatlCC7277As_Cereba_consensus-1_chr4A-202813_TSD	0.083	-0.0370061571616287	-0.021626956872793
RLG_AatlCC7277As_Cereba_consensus-1_chr4A-202840_TSD	0.041	-0.0371857480699691	-0.0218996451489643
RLG_AatlCC7277As_Cereba_consensus-1_chr4A-203272_TSD	0	-0.0355505255139568	-0.0197076131807136
RLG_AatlCC7277As_Cereba_consensus-1_chr4A-203304_TSD	0	-0.0355505255139568	-0.0197076131807136
RLG_AatlCC7277As_Cereba_consensus-1_chr4A-203573_TSD	0	-0.0371644319973197	-0.021805845132178
RLG_AatlCC7277As_Cereba_consensus-1_chr4A-203586_TSD	0.125	-0.0373026541258972	-0.0219255441695355
RLG_AatlCC7277As_Cereba_consensus-1_chr4A-204269_TSD	0.083	-0.0372134161954763	-0.0220585833594629
RLG_AatlCC7277As_Cereba_consensus-1_chr4A-204613_TSD	0	-0.0389594998098481	-0.0228974924836407
RLG_AatlCC7277As_Cereba_consensus-1_chr4A-205070_TSD	0	-0.0361199727488289	-0.0201582656094296
RLG_AatlCC7277As_Cereba_consensus-1_chr4A-205215_TSD	0.041	-0.0367392893274543	-0.021669415656598
RLG_AatlCC7277As_Cereba_consensus-1_chr4A-360118_TSD	0	-0.0376652738249304	-0.0216941051661778
RLG_AatlCC7277As_Cereba_consensus-1_chr4A-374301_TSD	0.083	-0.0379167704580847	-0.0232221913712747
RLG_AatlCC7277As_Cereba_consensus-1_chr4A-413500_TSD	0.041	-0.0367760629116082	-0.0224257748699873
RLG_AatlCC7277As_Cereba_consensus-1_chr4A-433945_TSD	0.379	-0.0367079332555394	-0.0220828510977505
RLG_AatlCC7277As_Cereba_consensus-1_chr5A-041221_TSD	0	-0.0356646048813786	-0.0202569097476711
RLG_AatlCC7277As_Cereba_consensus-1_chr5A-045354_TSD	0.083	-0.0375862433647278	-0.0223404243902344
RLG_AatlCC7277As_Cereba_consensus-1_chr5A-045360_TSD	0.083	-0.0375862433647278	-0.0223404243902344
RLG_AatlCC7277As_Cereba_consensus-1_chr5A-211962_TSD	0.041	-0.0361854859194903	-0.0196040910782485
RLG_AatlCC7277As_Cereba_consensus-1_chr5A-226806_TSD	0.041	-0.0364710598626978	-0.019923416019459
RLG_AatlCC7277As_Cereba_consensus-1_chr5A-273459_TSD	0.083	-0.037062530584089	-0.0214324539580207
RLG_AatlCC7277As_Cereba_consensus-1_chr5A-277397_TSD	0.041	-0.0361928809570866	-0.020000966439099
RLG_AatlCC7277As_Cereba_consensus-1_chr5A-277441_TSD	0.083	-0.0367993753121801	-0.019188835530095
RLG_AatlCC7277As_Cereba_consensus-1_chr5A-277619_TSD	0.167	-0.0359046012292845	-0.0197053323004668
RLG_AatlCC7277As_Cereba_consensus-1_chr5A-277890_TSD	0	-0.036802204802019	-0.0193517056864848
RLG_AatlCC7277As_Cereba_consensus-1_chr5A-277964_TSD	0.083	-0.0368741013574894	-0.0215683489975165
RLG_AatlCC7277As_Cereba_consensus-1_chr5A-278061_TSD	0.083	-0.0368082276293617	-0.0218579971493761
RLG_AatlCC7277As_Cereba_consensus-1_chr5A-278158_TSD	0.083	-0.0384108698959716	-0.0233717720783916
RLG_AatlCC7277As_Cereba_consensus-1_chr5A-278208_TSD	0	-0.0361475355544651	-0.0205551777465124
RLG_AatlCC7277As_Cereba_consensus-1_chr5A-278574_TSD	0.083	-0.0362783777469947	-0.020774570526349
RLG_AatlCC7277As_Cereba_consensus-1_chr5A-278800_TSD	0.125	-0.0367946325065313	-0.0212962382529054
RLG_AatlCC7277As_Cereba_consensus-1_chr5A-279064_TSD	0.125	-0.037665705195343	-0.0224098866222263
RLG_AatlCC7277As_Cereba_consensus-1_chr5A-279091_TSD	0	-0.0352256815520186	-0.0200610096524666
RLG_AatlCC7277As_Cereba_consensus-1_chr5A-280202_TSD	0	-0.0371834900995676	-0.0223591129843172
RLG_AatlCC7277As_Cereba_consensus-1_chr5A-284370_TSD	0.083	-0.0368388452629946	-0.0203646784150679
RLG_AatlCC7277As_Cereba_consensus-1_chr5A-295057_TSD	0.041	-0.035230392820368	-0.0213123944369011
RLG_AatlCC7277As_Cereba_consensus-1_chr6A-094554_TSD	0.083	-0.037569935235881	-0.0222604759261428
RLG_AatlCC7277As_Cereba_consensus-1_chr6A-110320_TSD	0.083	-0.0375635752293826	-0.0218102800420224
RLG_AatlCC7277As_Cereba_consensus-1_chr6A-111457_TSD	0.083	-0.0361982035244535	-0.0201656934957853
RLG_AatlCC7277As_Cereba_consensus-1_chr6A-114586_TSD	0.083	-0.0377816583558847	-0.0223737812212834
RLG_AatlCC7277As_Cereba_consensus-1_chr6A-120182_TSD	0.208	-0.037401677913543	-0.0224640515180486
RLG_AatlCC7277As_Cereba_consensus-1_chr6A-151725_TSD	0.083	-0.0377170767155192	-0.0226224971476566
RLG_AatlCC7277As_Cereba_consensus-1_chr6A-324913_TSD	0.166	-0.0362630696549923	-0.0212596759906997
RLG_AatlCC7277As_Cereba_consensus-1_chr6A-382768_TSD	0	-0.0364003882870799	-0.0233080969981275
RLG_AatlCC7277As_Cereba_consensus-1_chr6A-409986_TSD	0	-0.0348692425427113	-0.0185917385025486
RLG_AatlCC7277As_Cereba_consensus-1_chr7A-250818_TSD	0.083	-0.0366653606524855	-0.0211596653948726
RLG_AatlCC7277As_Cereba_consensus-1_chr7A-302480_TSD	0.083	-0.0354683620101656	-0.0202947242577969
RLG_AatlCC7277As_Cereba_consensus-1_chr7A-539932_TSD	0	-0.0354993364256528	-0.0198305954287245
RLG_AatlCC7277As_Cereba_consensus-1_chr7A-563287_TSD	0.041	-0.0369772746831359	-0.0219288442691934
