RLG_AatlCC7277As_Cereba_consensus-1_chr1A-044294_TSD	0.938	0.0143840189139437	-0.00696470627996072
RLG_AatlCC7277As_Cereba_consensus-1_chr1A-212362_TSD	1.193	0.0143346116949297	0.00381543308462014
RLG_AatlCC7277As_Cereba_consensus-1_chr1A-228182_TSD	1.193	0.0129531799607691	-0.00764671223593698
RLG_AatlCC7277As_Cereba_consensus-1_chr1A-230162_TSD	0.977	0.0145263980463728	-0.00457523208308794
RLG_AatlCC7277As_Cereba_consensus-1_chr1A-230338_TSD	0.847	0.01522641366468	-0.00259470559850347
RLG_AatlCC7277As_Cereba_consensus-1_chr1A-231513_TSD	1.456	0.0115859436987432	-6.31221805659858e-05
RLG_AatlCC7277As_Cereba_consensus-1_chr1A-234238_TSD	1.065	0.0127928008613493	0.00902417150695003
RLG_AatlCC7277As_Cereba_consensus-1_chr1A-245403_TSD	0.936	0.0131571076259908	-0.00143679359376618
RLG_AatlCC7277As_Cereba_consensus-1_chr1A-258848_TSD	1.106	0.0118880305749021	0.00366684299588183
RLG_AatlCC7277As_Cereba_consensus-1_chr1A-407045_TSD	0.721	0.0145931132375928	0.00799053929124974
RLG_AatlCC7277As_Cereba_consensus-1_chr2A-025323_TSD	0.848	0.0139103102909658	-0.00558295705151124
RLG_AatlCC7277As_Cereba_consensus-1_chr2A-118572_TSD	0.604	0.0104276805684376	-0.000846132609730445
RLG_AatlCC7277As_Cereba_consensus-1_chr2A-187265_TSD	1.235	0.0153130194569118	-0.00658967424469593
RLG_AatlCC7277As_Cereba_consensus-1_chr2A-202449_TSD	1.284	0.0109975332583721	0.00881089878521572
RLG_AatlCC7277As_Cereba_consensus-1_chr2A-206288_TSD	1.731	0.0139922663509041	0.00634598240071493
RLG_AatlCC7277As_Cereba_consensus-1_chr2A-206402_TSD	0.89	0.0149151202111751	0.00363606252407555
RLG_AatlCC7277As_Cereba_consensus-1_chr2A-208430_TSD	1.765	0.0135393567091824	-0.00554279427754907
RLG_AatlCC7277As_Cereba_consensus-1_chr2A-257393_TSD	0.42	0.0106414635136419	0.00579591761142187
RLG_AatlCC7277As_Cereba_consensus-1_chr2A-300359_TSD	0.677	0.0132438288634924	-0.00444311581658989
RLG_AatlCC7277As_Cereba_consensus-1_chr3A-248058_TSD	1.594	0.0144723118205342	-0.000240515740179329
RLG_AatlCC7277As_Cereba_consensus-1_chr3A-251292_TSD	0.804	0.0147223387081642	0.00273575675713977
RLG_AatlCC7277As_Cereba_consensus-1_chr3A-254074_TSD	0.773	0.0163706849989634	-0.00633116952948506
RLG_AatlCC7277As_Cereba_consensus-1_chr3A-257192_TSD	1.365	0.0156600672200657	-0.00467265573650871
RLG_AatlCC7277As_Cereba_consensus-1_chr3A-257207_TSD	0.976	0.0181513497344517	-0.00896715938350147
RLG_AatlCC7277As_Cereba_consensus-1_chr3A-257298_TSD	0.936	0.0106578136793301	0.00696296691963148
RLG_AatlCC7277As_Cereba_consensus-1_chr3A-257824_TSD	1.453	0.0113932613902628	-0.000934232714205323
RLG_AatlCC7277As_Cereba_consensus-1_chr3A-258153_TSD	1.413	0.0141450348303102	-0.00264361750619275
RLG_AatlCC7277As_Cereba_consensus-1_chr3A-258266_TSD	1.175	0.0133060375022491	0.0113090785193884
RLG_AatlCC7277As_Cereba_consensus-1_chr3A-259212_TSD	1.15	0.0147863585901109	0.00827180993144123
RLG_AatlCC7277As_Cereba_consensus-1_chr3A-259835_TSD	1.149	0.0128043929310588	0.00405333301557565
RLG_AatlCC7277As_Cereba_consensus-1_chr3A-260518_TSD	1.243	0.0117786015836514	0.00322467350290985
RLG_AatlCC7277As_Cereba_consensus-1_chr3A-260657_TSD	1.413	0.0167206924445326	-0.00604236697817765
RLG_AatlCC7277As_Cereba_consensus-1_chr3A-260822_TSD	1.323	0.0135920445250351	0.000594232689342336
RLG_AatlCC7277As_Cereba_consensus-1_chr3A-261701_TSD	1.149	0.0120155555763872	0.00391253087961206
RLG_AatlCC7277As_Cereba_consensus-1_chr3A-263067_TSD	1.24	0.0116155992280169	0.00369978614744252
RLG_AatlCC7277As_Cereba_consensus-1_chr3A-263130_TSD	0.718	0.0146034265891352	0.00319364271096411
RLG_AatlCC7277As_Cereba_consensus-1_chr3A-264035_TSD	0.761	0.0124531530476466	0.00135668016512609
RLG_AatlCC7277As_Cereba_consensus-1_chr3A-267771_TSD	1.019	0.0112282658115714	0.00264604010921001
RLG_AatlCC7277As_Cereba_consensus-1_chr3A-432009_TSD	0.978	0.0130136885743169	-0.0039720956265464
RLG_AatlCC7277As_Cereba_consensus-1_chr3A-477613_TSD	0.978	0.0128196303851807	0.000325050381275323
RLG_AatlCC7277As_Cereba_consensus-1_chr4A-115010_TSD	1.019	0.0128893469409859	-0.00401965186612045
RLG_AatlCC7277As_Cereba_consensus-1_chr4A-137153_TSD	1.064	0.0129233049242253	-0.00386640210041318
RLG_AatlCC7277As_Cereba_consensus-1_chr4A-177961_TSD	0.549	0.0131442880144172	0.00388599440283685
RLG_AatlCC7277As_Cereba_consensus-1_chr4A-190021_TSD	0.848	0.0129482752948746	-0.00714151686063168
RLG_AatlCC7277As_Cereba_consensus-1_chr4A-199236_TSD	1.106	0.0129651191517269	-0.00634194822466993
RLG_AatlCC7277As_Cereba_consensus-1_chr4A-199474_TSD	0.719	0.0102983264895545	-0.00575851680402263
RLG_AatlCC7277As_Cereba_consensus-1_chr4A-202235_TSD	1.507	0.0123647076422615	-0.00185369607329178
RLG_AatlCC7277As_Cereba_consensus-1_chr4A-202700_TSD	0.782	0.0108788808637804	-0.000307275361739739
RLG_AatlCC7277As_Cereba_consensus-1_chr4A-202854_TSD	1.063	0.0116530857339736	0.0108585277140428
RLG_AatlCC7277As_Cereba_consensus-1_chr4A-203763_TSD	1.109	0.015563491404609	-0.00712274824337697
RLG_AatlCC7277As_Cereba_consensus-1_chr4A-207239_TSD	0.848	0.0148934385044123	0.00207412748901733
RLG_AatlCC7277As_Cereba_consensus-1_chr4A-220725_TSD	0.636	0.0146687344871911	-0.00418714233453464
RLG_AatlCC7277As_Cereba_consensus-1_chr4A-247163_TSD	1.22	0.0119322870136495	0.00847205390259462
RLG_AatlCC7277As_Cereba_consensus-1_chr4A-398636_TSD	0.847	0.010928358261707	0.00769029267022521
RLG_AatlCC7277As_Cereba_consensus-1_chr5A-048886_TSD	0.935	0.0124771923260481	-0.000577393815156257
RLG_AatlCC7277As_Cereba_consensus-1_chr5A-210000_TSD	0.597	0.0116954940597271	0.000483601221428682
RLG_AatlCC7277As_Cereba_consensus-1_chr5A-278129_TSD	0.849	0.0174436601057998	-0.0107482290987896
RLG_AatlCC7277As_Cereba_consensus-1_chr5A-278467_TSD	0.847	0.0113219081363825	8.91755657748094e-05
RLG_AatlCC7277As_Cereba_consensus-1_chr5A-319444_TSD	0.676	0.0121767146838614	0.00685124217081387
RLG_AatlCC7277As_Cereba_consensus-1_chr6A-077386_TSD	0.936	0.01253154864818	0.00749044235072016
RLG_AatlCC7277As_Cereba_consensus-1_chr6A-094544_TSD	1.192	0.0118699499360102	0.00747213651518066
RLG_AatlCC7277As_Cereba_consensus-1_chr6A-095933_TSD	2.081	0.0122476256151668	-0.00742021382411479
RLG_AatlCC7277As_Cereba_consensus-1_chr6A-102450_TSD	1.678	0.0144571786902535	0.00545369877430922
RLG_AatlCC7277As_Cereba_consensus-1_chr6A-112537_TSD	1.15	0.0134267269682666	-0.00376528823823717
RLG_AatlCC7277As_Cereba_consensus-1_chr6A-113188_TSD	1.066	0.0147473842528031	0.00263707142546408
RLG_AatlCC7277As_Cereba_consensus-1_chr6A-113317_TSD	0.807	0.0133035803166757	0.0093269216099366
RLG_AatlCC7277As_Cereba_consensus-1_chr6A-226037_TSD	0.59	0.0141547182598493	0.00362690869172818
RLG_AatlCC7277As_Cereba_consensus-1_chr6A-301059_TSD	1.063	0.0131032505035335	0.00414799417568776
RLG_AatlCC7277As_Cereba_consensus-1_chr6A-444956_TSD	1.029	0.0153142036087299	0.00235181769175092
RLG_AatlCC7277As_Cereba_consensus-1_chr7A-239762_TSD	0.976	0.0124831136572452	-0.00329928971915995
RLG_AatlCC7277As_Cereba_consensus-1_chr7A-262873_TSD	0.934	0.0179190805313404	-0.00344192481157699
RLG_AatlCC7277As_Cereba_consensus-1_chr7A-275222_TSD	0.639	0.0138334283721604	0.00364933335453166
RLG_AatlCC7277As_Cereba_consensus-1_chr7A-298965_TSD	0.979	0.0146462768792597	0.00538241406025075
RLG_AatlCC7277As_Cereba_consensus-1_chr7A-299685_TSD	0.937	0.0144860580561344	-0.0041003201838854
RLG_AatlCC7277As_Cereba_consensus-1_chr7A-301175_TSD	1.021	0.0140381152391037	0.00673411123329939
RLG_AatlCC7277As_Cereba_consensus-1_chr7A-302001_TSD	1.107	0.0125319905356414	-0.00258838607881721
RLG_AatlCC7277As_Cereba_consensus-1_chr7A-302867_TSD	0.763	0.0140655103206636	-0.00488936320679433
RLG_AatlCC7277As_Cereba_consensus-1_chr7A-303800_TSD	0.935	0.0136170564956759	0.00451423658393946
RLG_AatlCC7277As_Cereba_consensus-1_chr7A-304216_TSD	1.167	0.0150336418925642	0.00724465804648956
RLG_AatlCC7277As_Cereba_consensus-1_chr7A-304468_TSD	0.847	0.0139433681164483	-0.00123043097939806
RLG_AatlCC7277As_Cereba_consensus-1_chr7A-304701_TSD	1.238	0.0140778425289374	0.00822442950362562
RLG_AatlCC7277As_Cereba_consensus-1_chr7A-305346_TSD	0.675	0.0139875368524351	-0.00398159138161633
RLG_AatlCC7277As_Cereba_consensus-1_chr7A-420930_TSD	0.81	0.0142957948485519	-0.0010219973586335
RLG_AinsBYU209_Cereba_chr1D-010338_TSD	0.506	0.0101600301904792	0.00591676736889404
RLG_AinsBYU209_Cereba_chr1D-121579_TSD	0.504	0.0122583344202817	-0.00132019479748986
RLG_AinsBYU209_Cereba_chr1D-136977_TSD	0.763	0.0103739906779164	0.0115903247588508
RLG_AinsBYU209_Cereba_chr1D-140719_TSD	0.548	0.0137567192794401	0.00206026576465249
RLG_AinsBYU209_Cereba_chr1D-141048_TSD	1.064	0.013550800021425	-0.00122728332299975
RLG_AinsBYU209_Cereba_chr1D-142619_TSD	0.76	0.0148173166464161	-0.00594670681335179
RLG_AinsBYU209_Cereba_chr1D-143984_TSD	0.592	0.0104411075610505	0.00299132749779424
RLG_AinsBYU209_Cereba_chr1D-283721_TSD	0.591	0.0125712821584541	0.0106674204102531
RLG_AinsBYU209_Cereba_chr1D-405846_TSD	0.72	0.0168341826183265	-0.0103265956117809
RLG_AinsBYU209_Cereba_chr1D-448477_TSD	0.548	0.0143848525557908	-0.0073398430624803
RLG_AinsBYU209_Cereba_chr2D-109577_TSD	0.933	0.0127196059462328	-0.00592811596023361
RLG_AinsBYU209_Cereba_chr2D-172553_TSD	1.151	0.0164432623700322	-0.00530361122715813
RLG_AinsBYU209_Cereba_chr2D-176569_TSD	0.762	0.0123783622711994	-0.00101738331334481
RLG_AinsBYU209_Cereba_chr2D-177328_TSD	0.805	0.0135927940552327	0.00755119553326446
RLG_AinsBYU209_Cereba_chr2D-177599_TSD	0.643	0.0115763697312451	0.00668116463450116
RLG_AinsBYU209_Cereba_chr2D-177810_TSD	0.591	0.0124594918629643	0.0112270601316963
RLG_AinsBYU209_Cereba_chr2D-178613_TSD	1.153	0.012829710357947	-0.00231925365386881
RLG_AinsBYU209_Cereba_chr2D-178806_TSD	0.631	0.0107806967510657	0.00895503258908212
RLG_AinsBYU209_Cereba_chr2D-178884_TSD	0.547	0.0121609954450154	0.00338543187936375
RLG_AinsBYU209_Cereba_chr2D-179163_TSD	0.717	0.0140170525312275	-0.000120908792353165
RLG_AinsBYU209_Cereba_chr2D-179484_TSD	0.804	0.0126488643228021	0.007201630719744
RLG_AinsBYU209_Cereba_chr2D-179896_TSD	0.547	0.0120924755229196	-3.64920097216855e-05
RLG_AinsBYU209_Cereba_chr2D-183847_TSD	0.805	0.0130534462534956	0.00376403415858882
RLG_AinsBYU209_Cereba_chr2D-399019_TSD	0.977	0.0169679267709661	-0.00926211153359709
RLG_AinsBYU209_Cereba_chr2D-407990_TSD	0.422	0.0110681263489464	0.00594870627944988
RLG_AinsBYU209_Cereba_chr3D-128387_TSD	0.505	0.0114412562364048	0.00658902385604214
RLG_AinsBYU209_Cereba_chr3D-173672_TSD	0.336	0.0142084825151879	-0.00738079267303583
RLG_AinsBYU209_Cereba_chr3D-196526_TSD	0.782	0.0155832823493597	0.00853453906315522
RLG_AinsBYU209_Cereba_chr3D-200896_TSD	0.717	0.0137238678685571	-0.00867294894511542
RLG_AinsBYU209_Cereba_chr3D-201072_TSD	0.678	0.0145072051129022	-0.00401967155657576
RLG_AinsBYU209_Cereba_chr3D-201291_TSD	0.379	0.01113476768835	0.0103172851066789
RLG_AinsBYU209_Cereba_chr3D-202539_TSD	0.42	0.0126141972825779	0.00425094993536457
RLG_AinsBYU209_Cereba_chr3D-202835_TSD	0.723	0.011778362055007	0.00460002343104712
RLG_AinsBYU209_Cereba_chr3D-203068_TSD	1.73	0.0151719719384716	-0.0109076085884297
RLG_AinsBYU209_Cereba_chr3D-203970_TSD	0.72	0.0122469718158062	0.011510180214553
RLG_AinsBYU209_Cereba_chr3D-204359_TSD	0.676	0.0120578148471071	0.00309867857377429
RLG_AinsBYU209_Cereba_chr3D-205841_TSD	0.886	0.0126991556539572	-0.00827508082199177
RLG_AinsBYU209_Cereba_chr3D-208863_TSD	0.761	0.0134058557612294	-0.00861219609811774
RLG_AinsBYU209_Cereba_chr4D-042992_TSD	0.463	0.0125583642734243	0.00322522772773182
RLG_AinsBYU209_Cereba_chr4D-049075_TSD	0.719	0.0118918784328401	0.0073262443645855
RLG_AinsBYU209_Cereba_chr4D-112362_TSD	0.505	0.0108238232306374	0.00998173794745101
RLG_AinsBYU209_Cereba_chr4D-145229_TSD	0.549	0.0124174945587344	-0.00657738231317757
RLG_AinsBYU209_Cereba_chr4D-146979_TSD	0.848	0.0116720965755833	-0.000456450454401987
RLG_AinsBYU209_Cereba_chr4D-150080_TSD	1.02	0.0177173751332386	-0.0087492060820338
RLG_AinsBYU209_Cereba_chr4D-150170_TSD	1.195	0.0143779019230779	-0.00865589294339783
RLG_AinsBYU209_Cereba_chr4D-151237_TSD	0.462	0.0127894252572973	0.00930607270587686
RLG_AinsBYU209_Cereba_chr4D-158008_TSD	0.846	0.0118637269047976	0.00933525279685132
RLG_AinsBYU209_Cereba_chr4D-159371_TSD	0.808	0.0121389066957938	0.00768101648944284
RLG_AinsBYU209_Cereba_chr4D-159427_TSD	1.239	0.0118066124448843	0.000581886445749097
RLG_AinsBYU209_Cereba_chr4D-159650_TSD	0.933	0.0136138163921697	-0.00798086293857818
RLG_AinsBYU209_Cereba_chr4D-159672_TSD	0.295	0.0132617754506384	0.00524815163543857
RLG_AinsBYU209_Cereba_chr4D-159962_TSD	1.043	0.010594207246943	0.00700582749650771
RLG_AinsBYU209_Cereba_chr4D-160033_TSD	0.935	0.0122254513158091	-0.00274326251901198
RLG_AinsBYU209_Cereba_chr4D-160072_TSD	0.867	0.0108027275638448	0.00426781444327428
RLG_AinsBYU209_Cereba_chr4D-160884_TSD	0.719	0.0106548113843433	0.00686403669125556
RLG_AinsBYU209_Cereba_chr4D-161318_TSD	0.805	0.0129340060917025	0.00533245867014761
RLG_AinsBYU209_Cereba_chr4D-166782_TSD	0.634	0.0110851551802732	0.00879669056497257
RLG_AinsBYU209_Cereba_chr4D-171404_TSD	0.955	0.0152605876452301	-0.00339794299520299
RLG_AinsBYU209_Cereba_chr4D-175020_TSD	1.197	0.0151302458481182	-0.00139347348727393
RLG_AinsBYU209_Cereba_chr4D-210621_TSD	0.763	0.0120572371867457	-7.81930578980899e-05
RLG_AinsBYU209_Cereba_chr4D-301280_TSD	0.678	0.0129308955945795	-0.00914315038978333
RLG_AinsBYU209_Cereba_chr5D-084151_TSD	1.063	0.0146645652109253	-0.0018972220196694
RLG_AinsBYU209_Cereba_chr5D-117337_TSD	0.721	0.0121802127706249	0.00557405586618073
RLG_AinsBYU209_Cereba_chr5D-121928_TSD	0.805	0.0142838716975674	-0.00919220633358643
RLG_AinsBYU209_Cereba_chr5D-131658_TSD	0.719	0.0115372604895183	-0.00852483217634634
RLG_AinsBYU209_Cereba_chr5D-144569_TSD	0.809	0.0140528312220303	0.00811415998870869
RLG_AinsBYU209_Cereba_chr5D-160178_TSD	0.505	0.0149203144098254	0.00760142430539629
RLG_AinsBYU209_Cereba_chr5D-173187_TSD	1.026	0.0123353707960229	-0.0087552001515674
RLG_AinsBYU209_Cereba_chr5D-174325_TSD	0.902	0.0169683631423175	-0.00951928842057645
RLG_AinsBYU209_Cereba_chr5D-174347_TSD	0.901	0.0171906441128528	-0.0107424435444155
RLG_AinsBYU209_Cereba_chr5D-176743_TSD	0.808	0.0162235384333688	-0.00185308882597545
RLG_AinsBYU209_Cereba_chr5D-178836_TSD	0.891	0.0126204082305888	-0.00737105470430786
RLG_AinsBYU209_Cereba_chr5D-178992_TSD	1.331	0.0133825861308676	-0.00330663096356262
RLG_AinsBYU209_Cereba_chr5D-179364_TSD	1.199	0.0120335721531156	0.00902203209518899
RLG_AinsBYU209_Cereba_chr5D-179403_TSD	1.781	0.0143439922554738	-0.00343178066797102
RLG_AinsBYU209_Cereba_chr5D-179736_TSD	0.547	0.0133693210500255	0.00265421250024178
RLG_AinsBYU209_Cereba_chr5D-179769_TSD	0.717	0.0136143061023919	-0.00291268267418995
RLG_AinsBYU209_Cereba_chr5D-180702_TSD	0.632	0.013336297275939	-0.00682574927822613
RLG_AinsBYU209_Cereba_chr5D-180987_TSD	0.125	0.0113738826036813	0.0105812788027671
RLG_AinsBYU209_Cereba_chr5D-181574_TSD	0.719	0.0135097159065284	-0.00598500042505155
RLG_AinsBYU209_Cereba_chr5D-182595_TSD	0.892	0.0112192204601888	0.00113861435143712
RLG_AinsBYU209_Cereba_chr5D-194586_TSD	1.151	0.0140015537601927	-0.00403941207063332
RLG_AinsBYU209_Cereba_chr5D-195124_TSD	0.963	0.0119486612838575	-0.00474691700292188
RLG_AinsBYU209_Cereba_chr5D-203746_TSD	1.067	0.0131883805772442	0.0036317724833759
RLG_AinsBYU209_Cereba_chr5D-384976_TSD	0.378	0.0118562583811651	0.00993609560604695
RLG_AinsBYU209_Cereba_chr6D-211939_TSD	0.936	0.0140971650906908	-0.0102567882691288
RLG_AinsBYU209_Cereba_chr6D-219581_TSD	0.209	0.0138931345415224	0.00562155665120849
RLG_AinsBYU209_Cereba_chr6D-219588_TSD	0	0.0134909611532285	0.00576410356057174
RLG_AinsBYU209_Cereba_chr6D-219595_TSD	0.505	0.0140775108739543	0.00552051527159295
RLG_AinsBYU209_Cereba_chr6D-219826_TSD	0.69	0.0122873147944197	0.00322280907398939
RLG_AinsBYU209_Cereba_chr6D-219996_TSD	0.607	0.0130309995803482	-0.000349602236267188
RLG_AinsBYU209_Cereba_chr6D-220310_TSD	1.019	0.0121165388438303	0.00714105795560781
RLG_AinsBYU209_Cereba_chr6D-221790_TSD	0.803	0.0127809422219338	0.00148041447420321
RLG_AinsBYU209_Cereba_chr6D-222006_TSD	0.956	0.0156452863387727	0.00731417149753776
RLG_AinsBYU209_Cereba_chr6D-222134_TSD	0.721	0.0121830372205356	0.00730141614299956
RLG_AinsBYU209_Cereba_chr6D-222380_TSD	0.89	0.0104740505956661	-0.00141538940938437
RLG_AinsBYU209_Cereba_chr6D-249888_TSD	0.335	0.0111779487217917	0.00919691064995521
RLG_AinsBYU209_Cereba_chr6D-301028_TSD	0.633	0.0110725729756525	0.00567162555542509
RLG_AinsBYU209_Cereba_chr7D-240709_TSD	0.761	0.011837409552569	-0.00550332920464301
RLG_AinsBYU209_Cereba_chr7D-249221_TSD	0.505	0.0153408083720608	0.00105867154990222
RLG_AinsBYU209_Cereba_chr7D-249864_TSD	0.803	0.0150061217670086	-0.00881368177750394
RLG_AinsBYU209_Cereba_chr7D-250092_TSD	0.847	0.0114202245078857	-0.00192787005231111
RLG_AinsBYU209_Cereba_chr7D-251208_TSD	0.808	0.0128192896463353	0.00461082472820253
RLG_AinsBYU209_Cereba_chr7D-251468_TSD	1.413	0.0135779851704202	0.00979593989833227
RLG_AinsBYU209_Cereba_chr7D-252327_TSD	0.806	0.0134171889348421	-0.00222487796073257
RLG_AinsBYU209_Cereba_chr7D-252420_TSD	1.148	0.0138005401675262	-0.00287356277711178
RLG_AinsBYU209_Cereba_chr7D-252660_TSD	0.55	0.013097351609739	0.00417238220358838
RLG_AinsBYU209_Cereba_chr7D-253058_TSD	0.717	0.0114188160716402	0.0086975136296031
RLG_AinsBYU209_Cereba_chr7D-253351_TSD	0.546	0.0110231951058147	0.00643809028896016
RLG_AinsBYU209_Cereba_chr7D-253893_TSD	1.063	0.0111935113380453	0.00850814931209129
RLG_AinsBYU209_Cereba_chr7D-253903_TSD	1.021	0.0122700881594896	0.00533902686746133
RLG_AinsBYU209_Cereba_chr7D-254137_TSD	1.455	0.0129407675782802	0.00508173142678159
RLG_AinsBYU209_Cereba_chr7D-298041_TSD	0.547	0.0146301057664577	-0.00524034027801029
RLG_AlonCN58138Al_Cereba_chr1A-210727_TSD	1.284	0.0167256599916537	-0.0100738165764673
RLG_AlonCN58138Al_Cereba_chr1A-215979_TSD	1.106	0.0129139856592712	0.00336259994885631
RLG_AlonCN58138Al_Cereba_chr1A-231218_TSD	0.935	0.0132077319193132	-0.00726815871450243
RLG_AlonCN58138Al_Cereba_chr1A-233093_TSD	0.632	0.0146044722744126	-0.00309296471413441
RLG_AlonCN58138Al_Cereba_chr1A-234665_TSD	1.366	0.0115998263881934	0.000586233330472898
RLG_AlonCN58138Al_Cereba_chr1A-239983_TSD	1.026	0.0151509197695906	-0.00575768610748076
RLG_AlonCN58138Al_Cereba_chr1A-241337_TSD	1.15	0.0113579152328632	0.00851543055544392
RLG_AlonCN58138Al_Cereba_chr1A-242312_TSD	1.288	0.0120694938064535	0.00142762002835693
RLG_AlonCN58138Al_Cereba_chr1A-242884_TSD	0.891	0.0130189957643651	0.00939343466817848
RLG_AlonCN58138Al_Cereba_chr1A-246783_TSD	0.639	0.0133225238042537	-0.00256598982454087
RLG_AlonCN58138Al_Cereba_chr1A-413878_TSD	0.807	0.0104373747382778	-0.00254371552081195
RLG_AlonCN58138Al_Cereba_chr2A-054362_TSD	0.505	0.0121039324693444	0.0054002837375378
RLG_AlonCN58138Al_Cereba_chr2A-100181_TSD	1.289	0.0165907893260186	-0.00530025160662574
RLG_AlonCN58138Al_Cereba_chr2A-164356_TSD	0.89	0.012320752279832	0.00824312327567905
RLG_AlonCN58138Al_Cereba_chr2A-164363_TSD	0.59	0.013074060593978	0.00774635349044189
RLG_AlonCN58138Al_Cereba_chr2A-251375_TSD	0.973	0.016244941561554	-0.00287136494458793
RLG_AlonCN58138Al_Cereba_chr2A-266058_TSD	1.106	0.0130678704800835	-0.000128044970122657
RLG_AlonCN58138Al_Cereba_chr2A-292547_TSD	0.934	0.0108002527088343	0.00597117448167624
RLG_AlonCN58138Al_Cereba_chr2A-294666_TSD	1.024	0.0149141042926628	-0.00474004112561295
RLG_AlonCN58138Al_Cereba_chr2A-295866_TSD	1.329	0.0146740595775037	-0.00121205740749251
RLG_AlonCN58138Al_Cereba_chr2A-296586_TSD	0.993	0.0142701459848513	-0.00225547826016519
RLG_AlonCN58138Al_Cereba_chr3A-153949_TSD	0.848	0.0119030982940435	0.00983714318619664
RLG_AlonCN58138Al_Cereba_chr3A-234744_TSD	0.823	0.0141829582299062	-0.0033694897239205
RLG_AlonCN58138Al_Cereba_chr3A-240522_TSD	1.193	0.0135423693334325	0.00703787013144208
RLG_AlonCN58138Al_Cereba_chr3A-263775_TSD	1.196	0.0120445666560775	0.00159893360785753
RLG_AlonCN58138Al_Cereba_chr3A-269011_TSD	0.99	0.015673588089517	0.00471726624796534
RLG_AlonCN58138Al_Cereba_chr3A-269370_TSD	1.189	0.0103112862959832	-0.00471801533851078
RLG_AlonCN58138Al_Cereba_chr3A-270234_TSD	0.846	0.01192070883041	0.000774130005443873
RLG_AlonCN58138Al_Cereba_chr3A-275443_TSD	0.761	0.0133186777090608	0.00836942339138898
RLG_AlonCN58138Al_Cereba_chr3A-275826_TSD	0.848	0.0134728730753706	0.00732709816409938
RLG_AlonCN58138Al_Cereba_chr3A-282354_TSD	1.081	0.011430547102736	-0.00286009858401415
RLG_AlonCN58138Al_Cereba_chr3A-463671_TSD	0.98	0.0116849825985714	-0.000561558638302653
RLG_AlonCN58138Al_Cereba_chr4A-059657_TSD	0.89	0.0128605574178658	-0.0048859160471324
RLG_AlonCN58138Al_Cereba_chr4A-139763_TSD	1.149	0.0126435676437404	0.00532892325336691
RLG_AlonCN58138Al_Cereba_chr4A-158290_TSD	0.852	0.0139749381069614	-0.00701576721953473
RLG_AlonCN58138Al_Cereba_chr4A-158869_TSD	0.947	0.0128218728706736	0.0022081085790593
RLG_AlonCN58138Al_Cereba_chr4A-159775_TSD	1.812	0.0165339604433066	-0.00249175259452618
RLG_AlonCN58138Al_Cereba_chr4A-159973_TSD	1.395	0.0127840582895909	-0.00522476965959654
RLG_AlonCN58138Al_Cereba_chr4A-160858_TSD	1.901	0.0143309614029979	-0.00424273832801894
RLG_AlonCN58138Al_Cereba_chr4A-162449_TSD	1.59	0.0146368202308854	-0.000389356910117361
RLG_AlonCN58138Al_Cereba_chr4A-162683_TSD	0.917	0.0121508979294473	0.00242272450204369
RLG_AlonCN58138Al_Cereba_chr4A-162829_TSD	1.638	0.0126308183348278	-0.00719262629714787
RLG_AlonCN58138Al_Cereba_chr4A-164905_TSD	1.107	0.0138895535561971	0.00529011094801403
RLG_AlonCN58138Al_Cereba_chr4A-169079_TSD	1.105	0.0122058239994131	-0.00148141660875307
RLG_AlonCN58138Al_Cereba_chr4A-187420_TSD	0.594	0.0145973325673673	-0.00446967896593991
RLG_AlonCN58138Al_Cereba_chr4A-201945_TSD	1.244	0.012691453536932	0.0044603752517717
RLG_AlonCN58138Al_Cereba_chr5A-283770_TSD	0.978	0.0126079330994825	0.00843330754433943
RLG_AlonCN58138Al_Cereba_chr5A-287824_TSD	0.997	0.0137255864206699	-0.00758852359880543
RLG_AlonCN58138Al_Cereba_chr5A-298631_TSD	0.891	0.010585810271928	0.00680026867437314
RLG_AlonCN58138Al_Cereba_chr5A-304018_TSD	0.936	0.0115568123440823	0.00945240690050968
RLG_AlonCN58138Al_Cereba_chr5A-319488_TSD	1.5	0.012408354515782	-0.000418980668439357
RLG_AlonCN58138Al_Cereba_chr5A-438307_TSD	0.89	0.0104706738319474	0.00684654558014311
RLG_AlonCN58138Al_Cereba_chr6A-144058_TSD	1.766	0.0150101043762026	0.00675853882090713
RLG_AlonCN58138Al_Cereba_chr6A-189393_TSD	0.717	0.0106291220025326	0.000177247731803237
RLG_AlonCN58138Al_Cereba_chr6A-198723_TSD	1.066	0.0134270268237871	0.00149868892928175
RLG_AlonCN58138Al_Cereba_chr6A-199221_TSD	0.804	0.0140263523216191	-0.00880647286432351
RLG_AlonCN58138Al_Cereba_chr6A-199278_TSD	0.732	0.0119846059328689	0.00563584062737362
RLG_AlonCN58138Al_Cereba_chr6A-207119_TSD	1.326	0.0147036029675789	0.00109431500383578
RLG_AlonCN58138Al_Cereba_chr6A-207398_TSD	1.195	0.0123963964043729	0.00835030384225783
RLG_AlonCN58138Al_Cereba_chr6A-207635_TSD	1.019	0.0141472004540826	0.00328861568538383
RLG_AlonCN58138Al_Cereba_chr6A-208408_TSD	1.02	0.0181489494911365	-0.0063696255200645
RLG_AlonCN58138Al_Cereba_chr6A-209156_TSD	0.977	0.0123573724839711	-0.003600903088846
RLG_AlonCN58138Al_Cereba_chr6A-253994_TSD	0.935	0.0121938626916073	0.00562167598497689
RLG_AlonCN58138Al_Cereba_chr7A-313805_TSD	1.368	0.0131789622798369	-0.0045035514253617
RLG_AlonCN58138Al_Cereba_chr7A-315870_TSD	1.193	0.0114594420753089	0.0086030484521827
RLG_AlonCN58138Al_Cereba_chr7A-316220_TSD	0.631	0.0109770176493747	0.00713213799575407
RLG_AlonCN58138Al_Cereba_chr7A-316315_TSD	1.453	0.0120141033787939	-0.0033514380351152
RLG_AlonCN58138Al_Cereba_chr7A-316815_TSD	0.848	0.0142290147328846	0.00742669700611149
RLG_AlonCN58138Al_Cereba_chr7A-318927_TSD	1.454	0.0137014120410308	-0.00971674118110657
RLG_AlonCN58138Al_Cereba_chr7A-319667_TSD	1.242	0.0136441764261032	-0.0012384519900467
RLG_AlonCN58138Al_Cereba_chr7A-320552_TSD	1.195	0.0162458413292496	0.00105414521826315
RLG_AlonCN58138Al_Cereba_chr7A-320624_TSD	1.019	0.0155522198884095	-0.00024774937137253
RLG_AlonCN58138Al_Cereba_chr7A-321368_TSD	1.019	0.0122499606204298	-0.00673960603911068
RLG_AlonCN58138Al_Cereba_chr7A-322827_TSD	1.198	0.0134533705753637	-0.00406908361505123
RLG_AlonCN58138Al_Cereba_chr7A-323186_TSD	1.062	0.0127634541023035	-0.00218963829458615
RLG_AlonCN58138Al_Cereba_chr7A-325650_TSD	1.064	0.0125122032529668	0.00289102396048106
RLG_AlonCN58138Al_Cereba_chr7A-379463_TSD	1.194	0.0136659067341485	0.00732205381659668
RLG_AsatOT3098_Cereba_chr1A-130001_TSD	1.294	0.012118226473281	0.00330201838928317
RLG_AsatOT3098_Cereba_chr1A-142667_TSD	0.804	0.0150379828062968	-0.0108519267426768
RLG_AsatOT3098_Cereba_chr1A-150385_TSD	0.675	0.0122616319248674	-0.0060027712267514
RLG_AsatOT3098_Cereba_chr1A-155087_TSD	0.547	0.0120254119442397	0.0105494362197022
RLG_AsatOT3098_Cereba_chr1A-159662_TSD	0.125	0.0125839497029222	0.00164152445063222
RLG_AsatOT3098_Cereba_chr1A-161182_TSD	0.804	0.0117981332414536	0.00151664672147347
RLG_AsatOT3098_Cereba_chr1D-007090_TSD	0.977	0.0156975173186712	-0.00318049952997858
RLG_AsatOT3098_Cereba_chr1D-007760_TSD	0.55	0.0107539732667591	0.00544089849503443
RLG_AsatOT3098_Cereba_chr1D-124875_TSD	0.462	0.0105783426961919	0.00126951435348395
RLG_AsatOT3098_Cereba_chr1D-140782_TSD	0.558	0.0113791648421857	0.0100793328054579
RLG_AsatOT3098_Cereba_chr1D-143815_TSD	0.847	0.0138341936348901	0.00177407060834848
RLG_AsatOT3098_Cereba_chr1D-144074_TSD	0.98	0.0145427765068304	-0.00153260605695696
RLG_AsatOT3098_Cereba_chr1D-144205_TSD	1.153	0.0132942312970587	-0.00140243273401329
RLG_AsatOT3098_Cereba_chr1D-144663_TSD	0.721	0.0143909210869115	-0.00189836867534293
RLG_AsatOT3098_Cereba_chr1D-145217_TSD	0.547	0.0108725570092178	0.00772601389802432
RLG_AsatOT3098_Cereba_chr1D-146476_TSD	0.487	0.0124271660016317	0.0101656502920187
RLG_AsatOT3098_Cereba_chr1D-146627_TSD	0.633	0.0126683956698781	0.00853496700685624
RLG_AsatOT3098_Cereba_chr1D-147613_TSD	0.632	0.015336783985389	-0.00617043628168632
RLG_AsatOT3098_Cereba_chr1D-148783_TSD	0.959	0.0174531868618349	-0.00829005341008675
RLG_AsatOT3098_Cereba_chr1D-149423_TSD	0.378	0.0130137861941241	0.00231569398254825
RLG_AsatOT3098_Cereba_chr1D-150139_TSD	0.765	0.0118328843620389	-0.00221920567638708
RLG_AsatOT3098_Cereba_chr1D-353029_TSD	0.336	0.0162680811991756	-0.00825019299268073
RLG_AsatOT3098_Cereba_chr1D-387002_TSD	0.505	0.0175773041863182	-0.00908141679531686
RLG_AsatOT3098_Cereba_chr1D-467805_TSD	0.548	0.014339434696504	-0.007338693993347
RLG_AsatOT3098_Cereba_chr2A-057054_TSD	0.378	0.0114663764723427	0.0117343149299262
RLG_AsatOT3098_Cereba_chr2A-063230_TSD	0.891	0.0118307020963063	0.000194421084785815
RLG_AsatOT3098_Cereba_chr2A-133870_TSD	0.724	0.0121366884724241	-0.0049181613158725
RLG_AsatOT3098_Cereba_chr2A-145586_TSD	0.633	0.014028665439296	0.00313034613011268
RLG_AsatOT3098_Cereba_chr2A-149621_TSD	0.762	0.0121594868130676	0.000396969384605861
RLG_AsatOT3098_Cereba_chr2A-149702_TSD	0.593	0.0106488323465463	-0.000367502119714516
RLG_AsatOT3098_Cereba_chr2A-150109_TSD	0.764	0.0116797023195393	0.00758559089562318
RLG_AsatOT3098_Cereba_chr2A-151454_TSD	0.633	0.0115363955329465	0.00639581123552357
RLG_AsatOT3098_Cereba_chr2A-152251_TSD	1.021	0.0116302183058308	-0.00112532324911837
RLG_AsatOT3098_Cereba_chr2A-153380_TSD	0.845	0.0127664734911146	-0.0027731999475957
RLG_AsatOT3098_Cereba_chr2A-153631_TSD	0.718	0.0133937398899605	-0.0052725221936026
RLG_AsatOT3098_Cereba_chr2A-155207_TSD	0.59	0.0139812813543788	-0.0103668328367471
RLG_AsatOT3098_Cereba_chr2A-157348_TSD	1.193	0.0121213309003065	-0.000158655372407428
RLG_AsatOT3098_Cereba_chr2A-159044_TSD	1.194	0.0125336019123726	-0.00029846010650294
RLG_AsatOT3098_Cereba_chr2A-222766_TSD	1.039	0.0129986061084517	-0.0052686804399873
RLG_AsatOT3098_Cereba_chr2A-362804_TSD	0.805	0.0145559973761069	0.00893910707517562
RLG_AsatOT3098_Cereba_chr2A-371140_TSD	0.336	0.0151554717137841	0.00471466290271468
RLG_AsatOT3098_Cereba_chr2D-186806_TSD	1.151	0.0171148128913137	-0.00852008366055095
RLG_AsatOT3098_Cereba_chr2D-296515_TSD	0.761	0.0121944267807037	-0.00690367055220807
RLG_AsatOT3098_Cereba_chr2D-362567_TSD	0.935	0.0162451557690999	-0.00354538983948388
RLG_AsatOT3098_Cereba_chr2D-365756_TSD	0.742	0.0141919206849216	-0.01088206540548
RLG_AsatOT3098_Cereba_chr2D-365930_TSD	0.421	0.0105517721280722	0.0093045909889798
RLG_AsatOT3098_Cereba_chr2D-365943_TSD	0.591	0.0130240802914434	0.00399330049651712
RLG_AsatOT3098_Cereba_chr2D-366559_TSD	0.806	0.0121724096819675	0.00119195274671058
RLG_AsatOT3098_Cereba_chr2D-366670_TSD	0.59	0.0119676338464454	-0.0016697818683607
RLG_AsatOT3098_Cereba_chr2D-367444_TSD	0.72	0.0148219434851306	0.00865094538693362
RLG_AsatOT3098_Cereba_chr2D-367747_TSD	0.976	0.012792442941869	0.00314560223683245
RLG_AsatOT3098_Cereba_chr2D-367759_TSD	0.848	0.0118947334432095	0.00676816541699564
RLG_AsatOT3098_Cereba_chr2D-368129_TSD	1.025	0.0111358319526757	0.00496843325501183
RLG_AsatOT3098_Cereba_chr2D-368147_TSD	0.504	0.0113339949942907	0.00880975686982166
RLG_AsatOT3098_Cereba_chr2D-368392_TSD	0.803	0.010452985065227	0.00359530209293667
RLG_AsatOT3098_Cereba_chr2D-368861_TSD	0.764	0.0116045123288474	0.0115123526312093
RLG_AsatOT3098_Cereba_chr2D-369175_TSD	0.911	0.0124551785405608	0.00425503647565059
RLG_AsatOT3098_Cereba_chr2D-369837_TSD	0.634	0.0120846596657531	0.00986267770506644
RLG_AsatOT3098_Cereba_chr2D-369892_TSD	0.936	0.0127334016185328	0.00413345436603633
RLG_AsatOT3098_Cereba_chr2D-370386_TSD	0.719	0.011182297766157	0.00807772099227403
RLG_AsatOT3098_Cereba_chr2D-370830_TSD	0.719	0.011851741165292	0.00842924123860493
RLG_AsatOT3098_Cereba_chr2D-371242_TSD	0.42	0.0135017715171391	0.00300644838283701
RLG_AsatOT3098_Cereba_chr2D-371575_TSD	0.934	0.013191822969957	-0.00305801284239381
RLG_AsatOT3098_Cereba_chr2D-371704_TSD	0.892	0.0106834277584732	0.00856428732111344
RLG_AsatOT3098_Cereba_chr2D-371770_TSD	0.89	0.0121090444393902	0.00311987638831448
RLG_AsatOT3098_Cereba_chr2D-372065_TSD	0.976	0.0138015316996793	0.000218048959196508
RLG_AsatOT3098_Cereba_chr2D-372421_TSD	1.152	0.0126584356753775	0.00886298825424419
RLG_AsatOT3098_Cereba_chr2D-372495_TSD	0.507	0.0115465723114652	0.00651896830917118
RLG_AsatOT3098_Cereba_chr2D-372799_TSD	0.631	0.0117737873783761	-0.000635846531469894
RLG_AsatOT3098_Cereba_chr2D-376817_TSD	0.762	0.0132594554669247	0.00373390394957967
RLG_AsatOT3098_Cereba_chr3A-211340_TSD	0.814	0.0150131873673465	-0.00348239218766554
RLG_AsatOT3098_Cereba_chr3A-215590_TSD	0.378	0.0136873714483427	0.00676331892954869
RLG_AsatOT3098_Cereba_chr3A-225957_TSD	1.241	0.0135715082177969	-0.00371797371197941
RLG_AsatOT3098_Cereba_chr3A-235259_TSD	1.064	0.0110910258117988	0.00460140676925603
RLG_AsatOT3098_Cereba_chr3A-242594_TSD	0.717	0.0123478298926816	0.00801945406216533
RLG_AsatOT3098_Cereba_chr3A-243060_TSD	0.64	0.0133953500361538	0.00213883485244623
RLG_AsatOT3098_Cereba_chr3A-243577_TSD	0.803	0.0111130920681486	0.00240926462132632
RLG_AsatOT3098_Cereba_chr3A-243796_TSD	0.847	0.0137144466138896	-0.00203518904523127
RLG_AsatOT3098_Cereba_chr3A-248871_TSD	0.719	0.0142621089388583	0.0076779845894334
RLG_AsatOT3098_Cereba_chr3A-249308_TSD	0.548	0.0138555589101202	0.0087024212145519
RLG_AsatOT3098_Cereba_chr3A-249517_TSD	0.719	0.0117245816778244	0.00222362572123842
RLG_AsatOT3098_Cereba_chr3A-406882_TSD	0.978	0.0132723755799419	-0.00492862334658276
RLG_AsatOT3098_Cereba_chr3D-131367_TSD	0.591	0.0118076860006413	0.00680923619625354
RLG_AsatOT3098_Cereba_chr3D-176860_TSD	0.719	0.014951093402227	-0.00594370211731409
RLG_AsatOT3098_Cereba_chr3D-200169_TSD	0.959	0.0151936849083058	0.00828436724936678
RLG_AsatOT3098_Cereba_chr3D-202483_TSD	1.336	0.0115765093037054	-0.00220054312291728
RLG_AsatOT3098_Cereba_chr3D-202534_TSD	0.465	0.0130032672489694	0.0064794420882238
RLG_AsatOT3098_Cereba_chr3D-202575_TSD	1.633	0.0153581265533139	0.00403108606094612
RLG_AsatOT3098_Cereba_chr3D-202623_TSD	0.674	0.0103957452629873	0.00921988861190275
RLG_AsatOT3098_Cereba_chr3D-203142_TSD	0.379	0.0121197258343419	0.011782604820094
RLG_AsatOT3098_Cereba_chr3D-203741_TSD	0.463	0.0110803868720676	0.0102680935904861
RLG_AsatOT3098_Cereba_chr3D-205804_TSD	0.718	0.0136214328785841	-0.00217161340140105
RLG_AsatOT3098_Cereba_chr3D-206047_TSD	0.504	0.0137238678685571	-0.00867294894511544
RLG_AsatOT3098_Cereba_chr3D-206217_TSD	0.893	0.0148146062286696	-0.00420061737889531
RLG_AsatOT3098_Cereba_chr3D-206445_TSD	0.251	0.0117083387427306	0.0112460695412537
RLG_AsatOT3098_Cereba_chr3D-206646_TSD	0.592	0.0120713932052528	0.0099243355500348
RLG_AsatOT3098_Cereba_chr3D-206807_TSD	1.104	0.0154734393695179	-0.0088554050077148
RLG_AsatOT3098_Cereba_chr3D-207682_TSD	0.632	0.0118678509551108	0.00653467450537745
RLG_AsatOT3098_Cereba_chr3D-208191_TSD	0.293	0.0135120330276935	0.00548818224087025
RLG_AsatOT3098_Cereba_chr3D-208327_TSD	0.549	0.0112632321158829	0.00886673842975173
RLG_AsatOT3098_Cereba_chr3D-208736_TSD	1.419	0.0157889726638692	-0.0105714394186056
RLG_AsatOT3098_Cereba_chr3D-208899_TSD	0.892	0.0130429484357864	0.0116190621119943
RLG_AsatOT3098_Cereba_chr3D-209082_TSD	0.718	0.0113229761383054	0.0115715527185056
RLG_AsatOT3098_Cereba_chr3D-215756_TSD	0.803	0.0139141614892675	-0.00921229590747543
RLG_AsatOT3098_Cereba_chr4A-026750_TSD	0.723	0.0129216597020197	-0.00451302396271144
RLG_AsatOT3098_Cereba_chr4A-057840_TSD	1.109	0.0118230276548904	-0.00181662584869662
RLG_AsatOT3098_Cereba_chr4A-108177_TSD	0.804	0.0117326854179387	0.00495240815150218
RLG_AsatOT3098_Cereba_chr4A-112298_TSD	0.463	0.0113930842034077	-0.00818462885534681
RLG_AsatOT3098_Cereba_chr4A-117396_TSD	1.5	0.0133693147810464	-0.00360912529837692
RLG_AsatOT3098_Cereba_chr4A-117910_TSD	0.939	0.0118326128145223	-0.00649417433015554
RLG_AsatOT3098_Cereba_chr4A-118607_TSD	0.523	0.0130187365680821	-0.00812661442090867
RLG_AsatOT3098_Cereba_chr4A-118952_TSD	1.585	0.0135149235631852	-0.0091039868081114
RLG_AsatOT3098_Cereba_chr4A-123829_TSD	1.107	0.0150002576013144	-0.00149820870152807
RLG_AsatOT3098_Cereba_chr4A-124651_TSD	0.847	0.0125379460958607	-0.00171931359132067
RLG_AsatOT3098_Cereba_chr4A-124769_TSD	0.432	0.0140831793965144	-0.00151382368191071
RLG_AsatOT3098_Cereba_chr4A-124859_TSD	1.15	0.0116850144068199	0.0065837075353726
RLG_AsatOT3098_Cereba_chr4A-125548_TSD	0.72	0.0128991305968997	-0.00272975361587714
RLG_AsatOT3098_Cereba_chr4A-125647_TSD	1.062	0.0163741396166337	0.000374220712980647
RLG_AsatOT3098_Cereba_chr4A-125771_TSD	1.107	0.0140402600135532	-0.00714573197363938
RLG_AsatOT3098_Cereba_chr4A-126844_TSD	0.978	0.0124149872470981	0.00157814370732048
RLG_AsatOT3098_Cereba_chr4A-128766_TSD	0.995	0.0154180744233592	0.00272606883272895
RLG_AsatOT3098_Cereba_chr4A-145477_TSD	0.765	0.0162347529671784	-0.00589219072869801
RLG_AsatOT3098_Cereba_chr4A-156433_TSD	0.976	0.0120521730376933	0.00461250150145723
RLG_AsatOT3098_Cereba_chr4A-170809_TSD	0.463	0.0151115599971212	0.00539287050100475
RLG_AsatOT3098_Cereba_chr4D-040965_TSD	0.591	0.0124864631511371	0.00301744725880178
RLG_AsatOT3098_Cereba_chr4D-046755_TSD	0.42	0.0116840985255478	0.00778942144995974
RLG_AsatOT3098_Cereba_chr4D-110327_TSD	0.848	0.0116800244697807	0.00987792364483054
RLG_AsatOT3098_Cereba_chr4D-143080_TSD	0.718	0.0128382271158986	-0.00620089002806851
RLG_AsatOT3098_Cereba_chr4D-144747_TSD	0.719	0.0108460272859222	-0.000624806692026261
RLG_AsatOT3098_Cereba_chr4D-147902_TSD	1.064	0.0153757524773898	-0.00854698650708338
RLG_AsatOT3098_Cereba_chr4D-148989_TSD	0.548	0.0125339352903824	0.00898122584685758
RLG_AsatOT3098_Cereba_chr4D-154625_TSD	0.806	0.0127449280803867	-0.00836598128891843
RLG_AsatOT3098_Cereba_chr4D-155342_TSD	0.934	0.0128353830877245	0.0064048057910806
RLG_AsatOT3098_Cereba_chr4D-155940_TSD	0.89	0.0119426686517943	0.0070787111894375
RLG_AsatOT3098_Cereba_chr4D-156588_TSD	0.898	0.0123043346810768	0.00893676309297467
RLG_AsatOT3098_Cereba_chr4D-158201_TSD	0.55	0.0114535188761947	-0.00148341545744977
RLG_AsatOT3098_Cereba_chr4D-158422_TSD	0.763	0.0116181460050486	0.00966180035978033
RLG_AsatOT3098_Cereba_chr4D-158522_TSD	1.149	0.0137980796153187	-0.00844093765342393
RLG_AsatOT3098_Cereba_chr4D-158544_TSD	0.507	0.0137839945839212	0.00361517043564697
RLG_AsatOT3098_Cereba_chr4D-159534_TSD	0.421	0.0106324971240848	0.00604896523673702
RLG_AsatOT3098_Cereba_chr4D-159886_TSD	0.807	0.0132813356190502	0.00375921653810211
RLG_AsatOT3098_Cereba_chr4D-165303_TSD	0.634	0.0113244753618636	0.00922237761093666
RLG_AsatOT3098_Cereba_chr4D-170484_TSD	0.997	0.0145953607578673	-0.00238694500816107
RLG_AsatOT3098_Cereba_chr4D-207921_TSD	0.675	0.0115091592266885	0.0111140866953213
RLG_AsatOT3098_Cereba_chr4D-211464_TSD	0.936	0.0129019032022138	-0.000823278305239254
RLG_AsatOT3098_Cereba_chr4D-277560_TSD	0.676	0.011713059138326	0.00938018808747553
RLG_AsatOT3098_Cereba_chr5A-132263_TSD	0.762	0.0137759293073516	-0.000647477753394687
RLG_AsatOT3098_Cereba_chr5A-216190_TSD	0.761	0.0112541934809463	0.00586106218372006
RLG_AsatOT3098_Cereba_chr5A-218613_TSD	1.284	0.0101653307160067	-0.000189943346511407
RLG_AsatOT3098_Cereba_chr5A-219360_TSD	0.687	0.0151285057061366	-0.00454028050553169
RLG_AsatOT3098_Cereba_chr5A-222174_TSD	0.976	0.0115677659563014	0.00460409892628243
RLG_AsatOT3098_Cereba_chr5A-222585_TSD	0.718	0.0125378949589434	-0.00292164853236188
RLG_AsatOT3098_Cereba_chr5A-231878_TSD	0.463	0.0118800816921299	0.00823920929829631
RLG_AsatOT3098_Cereba_chr5A-236994_TSD	0.507	0.0116073888688949	0.00868247790694486
RLG_AsatOT3098_Cereba_chr5A-242601_TSD	1.061	0.0177324682293516	-0.00966507027572309
RLG_AsatOT3098_Cereba_chr5A-349774_TSD	0.854	0.0147109659391473	-0.00624679255469976
RLG_AsatOT3098_Cereba_chr5D-117265_TSD	0.976	0.0116004501863673	0.00461705163368085
RLG_AsatOT3098_Cereba_chr5D-138661_TSD	0.506	0.0113090034327219	-0.00830751522777489
RLG_AsatOT3098_Cereba_chr5D-181992_TSD	0.983	0.0127201056190069	-0.00894093174754011
RLG_AsatOT3098_Cereba_chr5D-185501_TSD	0.807	0.0160649302221951	-0.00187123721102231
RLG_AsatOT3098_Cereba_chr5D-187663_TSD	0.846	0.0131356089586842	-0.00739754491654198
RLG_AsatOT3098_Cereba_chr5D-187824_TSD	1.374	0.0141708177710436	-0.00346323450257768
RLG_AsatOT3098_Cereba_chr5D-188192_TSD	1.157	0.012130360756276	0.00902702438209691
RLG_AsatOT3098_Cereba_chr5D-188585_TSD	0.632	0.0133992868427238	0.00163386606387183
RLG_AsatOT3098_Cereba_chr5D-189474_TSD	0.805	0.0109162445268822	0.00797120092272911
RLG_AsatOT3098_Cereba_chr5D-189876_TSD	0.548	0.0109822238952632	0.00984314390258248
RLG_AsatOT3098_Cereba_chr5D-189999_TSD	0.718	0.0129169068799425	-0.00734469944215407
RLG_AsatOT3098_Cereba_chr5D-190034_TSD	0.377	0.0128699097141157	0.00947254634295383
RLG_AsatOT3098_Cereba_chr5D-190343_TSD	0.42	0.0113738826036813	0.0105812788027671
RLG_AsatOT3098_Cereba_chr5D-191087_TSD	1.063	0.0109769568568287	0.00585051748874294
RLG_AsatOT3098_Cereba_chr5D-191239_TSD	0.677	0.0150619899665212	0.00758422170086418
RLG_AsatOT3098_Cereba_chr5D-191415_TSD	1.152	0.0141036196880526	0.00365835780000908
RLG_AsatOT3098_Cereba_chr5D-191882_TSD	1.063	0.0110367223699591	0.00344307400253843
RLG_AsatOT3098_Cereba_chr5D-191919_TSD	0.547	0.0111397008784205	0.00933100724625163
RLG_AsatOT3098_Cereba_chr5D-192434_TSD	0.462	0.0109640382981554	0.00897247552838443
RLG_AsatOT3098_Cereba_chr5D-192572_TSD	0.38	0.0120238366944267	0.0117209995348287
RLG_AsatOT3098_Cereba_chr5D-193141_TSD	0.721	0.0130727772877719	-0.00523668264425813
RLG_AsatOT3098_Cereba_chr5D-194169_TSD	1.022	0.01135195240623	0.00110570965319389
RLG_AsatOT3098_Cereba_chr5D-206262_TSD	1.021	0.0135233998309693	-0.00411171209139425
RLG_AsatOT3098_Cereba_chr5D-215447_TSD	1.024	0.0124644164348377	0.00464966103286183
RLG_AsatOT3098_Cereba_chr6A-115886_TSD	0.718	0.0121395846120372	0.00773141434906543
RLG_AsatOT3098_Cereba_chr6A-123722_TSD	1.155	0.0109056785763959	0.00881812653059226
RLG_AsatOT3098_Cereba_chr6A-132148_TSD	0.89	0.0129919880806378	0.00552093001151952
RLG_AsatOT3098_Cereba_chr6A-133805_TSD	1.216	0.014769874188961	-0.00162082892623417
RLG_AsatOT3098_Cereba_chr6A-134017_TSD	0.77	0.0116737273672453	0.0108426723784974
RLG_AsatOT3098_Cereba_chr6A-134137_TSD	0.59	0.0122950048118811	-0.000368653969492473
RLG_AsatOT3098_Cereba_chr6A-134551_TSD	1.372	0.0143990455718711	-0.00202266930019376
RLG_AsatOT3098_Cereba_chr6A-142175_TSD	1.021	0.0134208302993983	0.00294151425147065
RLG_AsatOT3098_Cereba_chr6A-142681_TSD	0.761	0.0124625414016241	-0.00263840273460136
RLG_AsatOT3098_Cereba_chr6A-336205_TSD	0.633	0.0135255286788627	0.00317266402020338
RLG_AsatOT3098_Cereba_chr6A-361058_TSD	1.066	0.0159186049111215	-0.00514705665801828
RLG_AsatOT3098_Cereba_chr6D-088915_TSD	0.675	0.0112387079450815	0.0118797877515866
RLG_AsatOT3098_Cereba_chr6D-092471_TSD	1.193	0.0138544443966116	-0.0104953537234165
RLG_AsatOT3098_Cereba_chr6D-099519_TSD	0.377	0.0127429219491695	0.0090096813557657
RLG_AsatOT3098_Cereba_chr6D-099973_TSD	0.209	0.0118692742098402	0.00864649561992397
RLG_AsatOT3098_Cereba_chr6D-100330_TSD	0.38	0.0113367448219958	0.00945978625332301
RLG_AsatOT3098_Cereba_chr6D-102299_TSD	0.761	0.012752202057591	0.00122368989969513
RLG_AsatOT3098_Cereba_chr6D-102566_TSD	1.72	0.0135073100048757	-0.00836743996351365
RLG_AsatOT3098_Cereba_chr6D-102868_TSD	0.505	0.0160257366716078	-0.0105350569627687
RLG_AsatOT3098_Cereba_chr6D-103816_TSD	1.021	0.0121762023777595	0.000665910133490107
RLG_AsatOT3098_Cereba_chr6D-104038_TSD	0.807	0.0137777797066812	0.00949036172241336
RLG_AsatOT3098_Cereba_chr6D-104144_TSD	0.806	0.0120044495663865	0.00648296214748978
RLG_AsatOT3098_Cereba_chr6D-107218_TSD	0.762	0.0140018855370715	0.00353475659714783
RLG_AsatOT3098_Cereba_chr6D-131865_TSD	0.42	0.0117235430295731	0.00941230708716232
RLG_AsatOT3098_Cereba_chr6D-182656_TSD	0.848	0.0109951552074133	0.00616677586078889
RLG_AsatOT3098_Cereba_chr7A-129203_TSD	0.633	0.0104844600682292	0.0035564821203509
RLG_AsatOT3098_Cereba_chr7A-259702_TSD	0.933	0.0122996313101951	0.000322522519262479
RLG_AsatOT3098_Cereba_chr7A-318647_TSD	0.633	0.0129264446166369	0.0071383365965991
RLG_AsatOT3098_Cereba_chr7A-319832_TSD	0.675	0.0127142484888176	-0.00301494887230097
RLG_AsatOT3098_Cereba_chr7A-320199_TSD	0.848	0.0131749886160549	0.00152562714847454
RLG_AsatOT3098_Cereba_chr7A-320339_TSD	0.547	0.0141383342127739	0.00086032194849085
RLG_AsatOT3098_Cereba_chr7A-321295_TSD	0.89	0.0118708805567491	-0.00128213524993273
RLG_AsatOT3098_Cereba_chr7A-321518_TSD	1.455	0.0143225623937668	-0.00901775546219712
RLG_AsatOT3098_Cereba_chr7A-321553_TSD	0.676	0.0120525983306971	0.00841132305543659
RLG_AsatOT3098_Cereba_chr7A-321986_TSD	0.89	0.0124101018468459	-0.00504286998444186
RLG_AsatOT3098_Cereba_chr7A-322318_TSD	0.762	0.0120263116871571	-0.00162116932507425
RLG_AsatOT3098_Cereba_chr7A-322943_TSD	1.675	0.0104229538019215	0.00800620777807933
RLG_AsatOT3098_Cereba_chr7A-323560_TSD	0.933	0.0129433730311192	0.00839361717082151
RLG_AsatOT3098_Cereba_chr7A-324073_TSD	0.679	0.014399185109857	0.00622457071985181
RLG_AsatOT3098_Cereba_chr7A-326179_TSD	0.934	0.0132155590108046	-0.00246876502205119
RLG_AsatOT3098_Cereba_chr7A-326700_TSD	0.932	0.0144040962877756	-0.0011299535473786
RLG_AsatOT3098_Cereba_chr7A-327727_TSD	0.934	0.0107148828126156	0.00726179208006877
RLG_AsatOT3098_Cereba_chr7A-329095_TSD	1.851	0.0116430026271427	-0.0050582807036623
RLG_AsatOT3098_Cereba_chr7A-329709_TSD	1.108	0.0114912685817466	-0.00280338090236553
RLG_AsatOT3098_Cereba_chr7A-329720_TSD	1.328	0.0129254132190129	-0.00324973612751516
RLG_AsatOT3098_Cereba_chr7A-329936_TSD	0.932	0.0121922021659061	-0.00300953885640844
RLG_AsatOT3098_Cereba_chr7A-329943_TSD	0.587	0.0120269506619272	-0.00423476572830866
RLG_AsatOT3098_Cereba_chr7A-330119_TSD	0.675	0.0127293069627431	-0.00250033346489327
RLG_AsatOT3098_Cereba_chr7A-330161_TSD	0.89	0.0151768674797121	-0.00656976442348036
RLG_AsatOT3098_Cereba_chr7A-330469_TSD	1.558	0.0172458508256834	-0.008468056249176
RLG_AsatOT3098_Cereba_chr7A-332753_TSD	0.508	0.0113992360367785	0.00239688175814282
RLG_AsatOT3098_Cereba_chr7A-344593_TSD	0.892	0.0135385740503438	0.000372558241151843
RLG_AsatOT3098_Cereba_chr7A-374288_TSD	0.209	0.0143362787591576	-0.00592209560270001
RLG_AsatOT3098_Cereba_chr7D-062678_TSD	0.463	0.0144231905887895	-0.00210881014517879
RLG_AsatOT3098_Cereba_chr7D-105374_TSD	0.633	0.0127378336337602	-0.000911545997145139
RLG_AsatOT3098_Cereba_chr7D-222507_TSD	0.718	0.0145178499276785	0.00224456593185345
RLG_AsatOT3098_Cereba_chr7D-223036_TSD	1.016	0.0131205256599812	0.000687796730690608
RLG_AsatOT3098_Cereba_chr7D-223122_TSD	0.891	0.015401613810501	-0.00923554467887523
RLG_AsatOT3098_Cereba_chr7D-223285_TSD	1.86	0.0116960538821575	0.0116192852335135
RLG_AsatOT3098_Cereba_chr7D-223401_TSD	0.761	0.0105328817766895	-0.00327167113046195
RLG_AsatOT3098_Cereba_chr7D-223437_TSD	0.977	0.011285875837749	-0.000953619016947969
RLG_AsatOT3098_Cereba_chr7D-223837_TSD	1.325	0.0103754681854029	0.00743321758181018
RLG_AsatOT3098_Cereba_chr7D-224560_TSD	1.066	0.0125327286332837	-0.00136021940131304
RLG_AsatOT3098_Cereba_chr7D-224619_TSD	0.336	0.0118250010751125	0.00930123148988289
RLG_AsatOT3098_Cereba_chr7D-224660_TSD	1.952	0.0166580643537313	0.00408133674321773
RLG_AsatOT3098_Cereba_chr7D-225536_TSD	0.548	0.0158034236222866	0.00274035350744099
RLG_AsatOT3098_Cereba_chr7D-225828_TSD	0.676	0.0162998066454496	0.00205603227434877
RLG_AsatOT3098_Cereba_chr7D-226496_TSD	0.42	0.012945416114856	0.00934647336994201
RLG_AsatOT3098_Cereba_chr7D-227227_TSD	1.021	0.0127831333222961	0.00429812430992381
RLG_AsatOT3098_Cereba_chr7D-228298_TSD	0.765	0.0105561576993014	0.00475638911725902
RLG_AsatOT3098_Cereba_chr7D-228366_TSD	0.804	0.0103433146229554	0.00179952002735511
RLG_AsatOT3098_Cereba_chr7D-228670_TSD	0.591	0.0102592520885024	0.0114897194288295
RLG_AsatOT3098_Cereba_chr7D-229116_TSD	0.681	0.0132027194544532	-0.002278887903029
RLG_AsatOT3098_Cereba_chr7D-229202_TSD	1.197	0.0132193231889758	-0.00165637167355298
RLG_AsatOT3098_Cereba_chr7D-229741_TSD	0.462	0.0121711739206596	0.0108003185346271
RLG_AsatOT3098_Cereba_chr7D-229962_TSD	0.38	0.0143601143041105	0.000983891514804196
RLG_AsatOT3098_Cereba_chr7D-230341_TSD	0.504	0.0109116478726725	0.00916847896149814
RLG_AsatOT3098_Cereba_chr7D-231044_TSD	0.76	0.012463454446171	0.00470193841879304
RLG_AsatOT3098_Cereba_chr7D-231054_TSD	1.106	0.0118247867475867	0.00540397943826629
RLG_AsatOT3098_Cereba_chr7D-231306_TSD	1.455	0.0125581499776721	0.00678944972600835
RLG_AsatOT3098_Cereba_chr7D-231427_TSD	1.99	0.0113262541946314	-0.00358703049502071
RLG_AsatOT3098_Cereba_chr7D-231608_TSD	1.106	0.0119311457172336	0.000623543892217447
RLG_AsatOT3098_Cereba_chr7D-232382_TSD	0.89	0.0155205700489698	-0.0058569283684574
RLG_AsatOT3098_Cereba_chr7D-252287_TSD	0.42	0.01085519148534	0.00877668915490068
RLG_AsatOT3098_Cereba_chr7D-276546_TSD	0.335	0.0150604383546298	-0.00438794373837897
RLG_AsatOT3098_Cereba_chr7D-280950_TSD	0.718	0.0134267838791395	0.00770298885232358
RLG_AsatOT3098_Cereba_chr7D-284162_TSD	0.505	0.010157572756101	0.0087175992893198
RLG_AsatOT3098_Cereba_chr7D-518006_TSD	0.675	0.0122257586801057	0.00930505655220622
