RLG_AatlCC7277As_Ava_chr1A-407907_TSD	1.291	0.0352116939203974	0.0193935025399578
RLG_AatlCC7277As_Ava_chr2A-195183_TSD	1.316	0.0369697340057286	0.0232334767317373
RLG_AatlCC7277As_Ava_chr2A-210002_TSD	1.2	0.0357624558855302	0.0227375620048767
RLG_AatlCC7277As_Ava_chr3A-028064_TSD	1.064	0.0344478176074163	0.0192095033585346
RLG_AatlCC7277As_Ava_chr3A-163623_TSD	1.591	0.0375143442063609	0.0210428813013094
RLG_AatlCC7277As_Ava_chr3A-163739_TSD	2.11	0.0359337767487321	0.0221699225023807
RLG_AatlCC7277As_Ava_chr4A-198809_TSD	1.608	0.0366662872365589	0.021658388835586
RLG_AatlCC7277As_Ava_chr4A-245565_TSD	0.992	0.0360673504281473	0.0229290706067187
RLG_AatlCC7277As_Ava_chr5A-275952_TSD	1.231	0.0357016898969822	0.0206287561904514
RLG_AatlCC7277As_Ava_chr5A-279600_TSD	1.157	0.0357296513180554	0.0185450130181235
RLG_AatlCC7277As_Ava_chr5A-285497_TSD	0.899	0.0363976006895502	0.0205476334807596
RLG_AatlCC7277As_Ava_chr6A-085241_TSD	2.064	0.0369916316452016	0.0218186974941824
RLG_AatlCC7277As_Ava_chr6A-093561_TSD	1.522	0.0369221143954228	0.0208488475627522
RLG_AatlCC7277As_Ava_chr6A-093931_TSD	1.638	0.0352192251104952	0.0226666599668194
RLG_AatlCC7277As_Ava_chr6A-102074_TSD	2.137	0.0377696128623427	0.0246492861244868
RLG_AatlCC7277As_Ava_chr6A-112428_TSD	2.001	0.038733305787212	0.0232939925394385
RLG_AatlCC7277As_Ava_chr6A-112550_TSD	1.216	0.0375532009559091	0.0226061334555418
RLG_AatlCC7277As_Ava_chr7A-298278_TSD	1.028	0.0354084996806969	0.0238668014934277
RLG_AatlCC7277As_Ava_chr7A-528569_TSD	1.1	0.0378291189372177	0.0230681120285947
RLG_AinsBYU209_Ava_chr1D-038890_TSD	1.264	0.0335584782628625	0.0206663794772233
RLG_AinsBYU209_Ava_chr1D-139149_TSD	2.087	0.0363105606722416	0.0240653981222638
RLG_AinsBYU209_Ava_chr1D-139196_TSD	1.382	0.0390450137116143	0.0232570903866417
RLG_AinsBYU209_Ava_chr1D-143393_TSD	1.494	0.0336104607074474	0.021097307020842
RLG_AinsBYU209_Ava_chr1D-145382_TSD	1.822	0.0361953305004943	0.0247514810729885
RLG_AinsBYU209_Ava_chr1D-450172_TSD	1.137	0.0342589984223766	0.0207370021352725
RLG_AinsBYU209_Ava_chr2D-166015_TSD	1.271	0.0378188426041492	0.0222093642335987
RLG_AinsBYU209_Ava_chr2D-176384_TSD	1.267	0.0359109754651102	0.0185602553061839
RLG_AinsBYU209_Ava_chr2D-179991_TSD	1.488	0.0358894416229815	0.0209305061675332
RLG_AinsBYU209_Ava_chr3D-201434_TSD	1.16	0.0365383511560134	0.0234286476802533
RLG_AinsBYU209_Ava_chr3D-216673_TSD	1.051	0.0338898441767268	0.0190152425403905
RLG_AinsBYU209_Ava_chr4C-022716_TSD	1.235	0.0355682254548117	0.023566859290251
RLG_AinsBYU209_Ava_chr4D-142654_TSD	1.148	0.0346848496575925	0.0218738583031576
RLG_AinsBYU209_Ava_chr4D-150336_TSD	1.612	0.0369746677472021	0.0219732395299959
RLG_AinsBYU209_Ava_chr5D-168977_TSD	0.988	0.0356116624550991	0.0196104675519653
RLG_AinsBYU209_Ava_chr5D-170100_TSD	1.412	0.0378776939200134	0.0228004385679318
RLG_AinsBYU209_Ava_chr5D-179139_TSD	1.346	0.0360384774597528	0.0210996954054187
RLG_AinsBYU209_Ava_chr5D-180829_TSD	1.163	0.0370072514432537	0.0186497604452665
RLG_AinsBYU209_Ava_chr5D-181623_TSD	1.182	0.0372861674313728	0.0216058814855871
RLG_AinsBYU209_Ava_chr5D-181807_TSD	0.902	0.0350099494179027	0.0190999537594404
RLG_AinsBYU209_Ava_chr6D-214467_TSD	1.519	0.0385520426192849	0.0211470056800059
RLG_AinsBYU209_Ava_chr6D-221776_TSD	1.254	0.038816718577351	0.0225232378282449
RLG_AinsBYU209_Ava_chr6D-222768_TSD	1.185	0.0347099932424997	0.0190429616639236
RLG_AinsBYU209_Ava_chr7D-249021_TSD	1.486	0.0350397734643368	0.0226326864941632
RLG_AlonCN58138Al_Ava_chr1A-243187_TSD	1.53	0.0357855608115016	0.0200579950513205
RLG_AlonCN58138Al_Ava_chr1A-449898_TSD	1.386	0.0346414111367177	0.0193937336391024
RLG_AlonCN58138Al_Ava_chr2A-088737_TSD	1.274	0.0344881362181741	0.0208989530853129
RLG_AlonCN58138Al_Ava_chr2A-278401_TSD	1.311	0.0351739771966467	0.0204730435456975
RLG_AlonCN58138Al_Ava_chr2A-284783_TSD	1.479	0.0376652503126368	0.0216194900802605
RLG_AlonCN58138Al_Ava_chr3A-197998_TSD	1.368	0.0370950790466801	0.020520642570686
RLG_AlonCN58138Al_Ava_chr3A-258913_TSD	1.538	0.0356563320041779	0.0206528420990425
RLG_AlonCN58138Al_Ava_chr3A-270559_TSD	1.307	0.0369193661527371	0.0226053307873567
RLG_AlonCN58138Al_Ava_chr4A-025260_TSD	1.682	0.0363583049129085	0.02403260193764
RLG_AlonCN58138Al_Ava_chr4A-156382_TSD	1.623	0.0348952132226417	0.0211023477951381
RLG_AlonCN58138Al_Ava_chr5A-289112_TSD	1.404	0.0365223109177103	0.0207466779481198
RLG_AlonCN58138Al_Ava_chr6A-054660_TSD	1.959	0.0364565093477202	0.0230991677000563
RLG_AlonCN58138Al_Ava_chr6A-188628_TSD	1.63	0.0372159391357792	0.0206552887853081
RLG_AlonCN58138Al_Ava_chr6A-192754_TSD	1.419	0.0370718858468388	0.0206793861633118
RLG_AlonCN58138Al_Ava_chr6A-199289_TSD	1.487	0.0370097605193391	0.0234768999351883
RLG_AlonCN58138Al_Ava_chr6A-199413_TSD	1.292	0.0360752242980637	0.0220643497128332
RLG_AlonCN58138Al_Ava_chr6A-199539_TSD	1.569	0.0382310809793591	0.0219812741886798
RLG_AlonCN58138Al_Ava_chr6A-199787_TSD	1.461	0.0387643613281847	0.0206411420009219
RLG_AlonCN58138Al_Ava_chr7A-323201_TSD	1.106	0.0354989279394124	0.0225238662616753
RLG_AsatOT3098_Ava_chr1A-158913_TSD	1.566	0.034881757403557	0.0225331692780621
RLG_AsatOT3098_Ava_chr1D-035018_TSD	0.837	0.0342872606358765	0.02123154139304
RLG_AsatOT3098_Ava_chr1D-142243_TSD	2.165	0.0360673713321238	0.0241728452198639
RLG_AsatOT3098_Ava_chr1D-151569_TSD	2.031	0.0353692407330528	0.023924826777093
RLG_AsatOT3098_Ava_chr1D-469369_TSD	1.1	0.0345804027913028	0.0208220995512359
RLG_AsatOT3098_Ava_chr2A-140127_TSD	0.873	0.0348511751174859	0.0202456542474757
RLG_AsatOT3098_Ava_chr2A-187745_TSD	1.589	0.033721156826964	0.021059211989135
RLG_AsatOT3098_Ava_chr2D-078061_TSD	0.689	0.0343093650833519	0.0229919616085717
RLG_AsatOT3098_Ava_chr2D-355856_TSD	1.572	0.0379381226668802	0.0218856740287034
RLG_AsatOT3098_Ava_chr2D-366435_TSD	1.134	0.0358851599391047	0.0185685269232731
RLG_AsatOT3098_Ava_chr2D-372894_TSD	1.604	0.035385485774946	0.0201894871179257
RLG_AsatOT3098_Ava_chr2D-420163_TSD	1.37	0.0344859741161698	0.0193634182664206
RLG_AsatOT3098_Ava_chr2D-461112_TSD	1.312	0.0365759509639811	0.0207010233745259
RLG_AsatOT3098_Ava_chr3A-030025_TSD	1.283	0.0346903270882281	0.01953102828377
RLG_AsatOT3098_Ava_chr3A-151468_TSD	1.181	0.0371633888041988	0.0205786887357803
RLG_AsatOT3098_Ava_chr3A-233767_TSD	1.203	0.0356613138443493	0.0211914686510266
RLG_AsatOT3098_Ava_chr3A-244058_TSD	1.056	0.0371269464286383	0.0222428939617724
RLG_AsatOT3098_Ava_chr3D-046888_TSD	1.462	0.0358012569475605	0.0235541793443241
RLG_AsatOT3098_Ava_chr3D-207204_TSD	1.045	0.0364918845379732	0.0235374206069861
RLG_AsatOT3098_Ava_chr3D-209042_TSD	0.645	0.0336675008454014	0.018429420184892
RLG_AsatOT3098_Ava_chr3D-223893_TSD	0.719	0.0339135059228616	0.0197523042165406
RLG_AsatOT3098_Ava_chr3D-246059_TSD	1.252	0.0349021574126826	0.019093607746309
RLG_AsatOT3098_Ava_chr4A-298213_TSD	1.294	0.0391423474561731	0.0235707644304807
RLG_AsatOT3098_Ava_chr4D-140518_TSD	1.34	0.0348459925025724	0.0221812008154095
RLG_AsatOT3098_Ava_chr5A-223791_TSD	0.955	0.0361292435947261	0.0196431730618246
RLG_AsatOT3098_Ava_chr5D-176358_TSD	1.175	0.0365130362375088	0.0206853461330072
RLG_AsatOT3098_Ava_chr5D-177460_TSD	1.179	0.0376401943390194	0.0224347178929434
RLG_AsatOT3098_Ava_chr5D-187964_TSD	1.61	0.0360002343035885	0.0209465335027809
RLG_AsatOT3098_Ava_chr5D-193190_TSD	1.267	0.0368054349755576	0.0218093167336991
RLG_AsatOT3098_Ava_chr5D-193361_TSD	0.974	0.0349448871096541	0.0190935582891542
RLG_AsatOT3098_Ava_chr6A-131133_TSD	1.342	0.0378846283251905	0.0223136604432925
RLG_AsatOT3098_Ava_chr6A-142668_TSD	0.967	0.0377721071341915	0.023511895569208
RLG_AsatOT3098_Ava_chr6A-142765_TSD	1.445	0.0368878340346327	0.0212211879444493
RLG_AsatOT3098_Ava_chr6A-395754_TSD	0.882	0.0356033145196324	0.022219845291259
RLG_AsatOT3098_Ava_chr6D-103490_TSD	0.996	0.0366757600207589	0.023629793932745
RLG_AsatOT3098_Ava_chr6D-103805_TSD	1.329	0.0389231843105834	0.0241593113473416
RLG_AsatOT3098_Ava_chr6D-104779_TSD	0.885	0.0346757584956701	0.0192887304309356
RLG_AsatOT3098_Ava_chr7A-316749_TSD	1.219	0.0364717757609872	0.0197416027315689
RLG_AsatOT3098_Ava_chr7A-319760_TSD	1.406	0.0357633924490887	0.0227954322953153
RLG_AsatOT3098_Ava_chr7A-431549_TSD	0.863	0.0349236873567525	0.0201514552410187
RLG_AsatOT3098_Ava_chr7D-222309_TSD	1.449	0.0351608536002129	0.0221242879059975
RLG_AsatOT3098_Ava_chr7D-223325_TSD	1.456	0.0367102808146947	0.0212059691570426
RLG_AsatOT3098_Ava_chr7D-228516_TSD	0.993	0.0366595025651434	0.0199905386741482
