RLG_AatlCC7277As_Ava_chr1A-212206_TSD	0.703	-0.0124765030036382	-0.00245392581160092
RLG_AatlCC7277As_Ava_chr1A-232210_TSD	0.432	-0.0121782061720874	-0.00100089064511152
RLG_AatlCC7277As_Ava_chr1A-232232_TSD	0.51	-0.0120298480651854	-0.000864922439381845
RLG_AatlCC7277As_Ava_chr1A-232251_TSD	0.51	-0.0120331332821095	-0.000866955415726747
RLG_AatlCC7277As_Ava_chr1A-246730_TSD	0.759	-0.0120902178966374	0.00043875979466185
RLG_AatlCC7277As_Ava_chr2A-204346_TSD	0.475	-0.0116403472430737	-0.00113419069323072
RLG_AatlCC7277As_Ava_chr2A-205608_TSD	0.622	-0.0125367076342018	-0.00103438311643142
RLG_AlonCN58138Al_Ava_chr1A-215842_TSD	0.846	-0.0125684227615285	-0.00179307749541014
RLG_AlonCN58138Al_Ava_chr1A-235414_TSD	0.801	-0.0113662112166871	-0.00271529202455906
RLG_AlonCN58138Al_Ava_chr1A-236513_TSD	0.694	-0.0121236068324644	-0.000731877646290425
RLG_AlonCN58138Al_Ava_chr1A-236862_TSD	0.467	-0.0107510244847141	-0.00187155296932629
RLG_AlonCN58138Al_Ava_chr1A-239726_TSD	0.252	-0.0116202568948617	0.000250362245098696
RLG_AlonCN58138Al_Ava_chr1A-239733_TSD	0.108	-0.0114689699633169	-0.00118490288236751
RLG_AlonCN58138Al_Ava_chr1A-239750_TSD	0.443	-0.0118793994978511	-0.000504842038290223
RLG_AlonCN58138Al_Ava_chr1A-240711_TSD	0.436	-0.0122775709613533	-0.000660969608277625
RLG_AlonCN58138Al_Ava_chr1A-241104_TSD	0.287	-0.0123573966306006	-0.0013670571147514
RLG_AlonCN58138Al_Ava_chr1A-241309_TSD	0.399	-0.0134290532278656	-0.00069015967260916
RLG_AlonCN58138Al_Ava_chr1A-248212_TSD	0.548	-0.0119908179502797	0.0012847373634669
RLG_AlonCN58138Al_Ava_chr2A-063074_TSD	0.402	-0.0119433718574191	-0.00161049067640289
RLG_AlonCN58138Al_Ava_chr2A-296781_TSD	0.438	-0.011356562166104	-2.37579676989939e-05
RLG_AlonCN58138Al_Ava_chr2A-298295_TSD	0.445	-0.0114016889835043	-0.00111572374236979
RLG_AlonCN58138Al_Ava_chr2A-298562_TSD	0.473	-0.0123065497131262	-0.000969576218273445
RLG_AlonCN58138Al_Ava_chr2A-330148_TSD	0.878	-0.011014626546799	-0.00130714085622554
RLG_AlonCN58138Al_Ava_chr3A-261937_TSD	0.563	-0.0122029476960489	-0.00254229727138317
RLG_AlonCN58138Al_Ava_chr3A-262016_TSD	0.564	-0.01192761539079	-0.000288495090390912
RLG_AlonCN58138Al_Ava_chr3A-264564_TSD	0.621	-0.0129274266460197	-0.00134334157003097
RLG_AlonCN58138Al_Ava_chr3A-268076_TSD	0.605	-0.0124419130465676	-0.00067091575317662
RLG_AlonCN58138Al_Ava_chr3A-268796_TSD	0.322	-0.0124152290482504	-0.00172696603415039
RLG_AlonCN58138Al_Ava_chr3A-286309_TSD	0.621	-0.0104926115264065	-0.00204000929019979
RLG_AlonCN58138Al_Ava_chr4A-159790_TSD	0.474	-0.0117055262580101	-0.00127666347491782
RLG_AlonCN58138Al_Ava_chr4A-163508_TSD	0.607	-0.0127750378326163	0.00093841630152995
RLG_AlonCN58138Al_Ava_chr4A-225977_TSD	0.797	-0.0124484536216247	2.17229860365286e-05
RLG_AlonCN58138Al_Ava_chr4A-433997_TSD	0.764	-0.0112061019645507	0.00107629560462675
RLG_AlonCN58138Al_Ava_chr5A-291436_TSD	0.969	-0.0123652088285208	-0.00109673657006597
RLG_AlonCN58138Al_Ava_chr5A-494889_TSD	0.576	-0.010793436892697	-0.000364131019855416
RLG_AlonCN58138Al_Ava_chr6A-200885_TSD	0.554	-0.0119688359367254	0.00146728238520029
RLG_AlonCN58138Al_Ava_chr6A-201416_TSD	0.474	-0.0125653077233347	0.00128163084276609
RLG_AlonCN58138Al_Ava_chr6A-204661_TSD	0.804	-0.0118130253191673	-0.000582271833508541
RLG_AlonCN58138Al_Ava_chr6A-204811_TSD	0.549	-0.0127997521289042	-0.001925524696265
RLG_AlonCN58138Al_Ava_chr6A-205023_TSD	0.445	-0.0112929433018356	-0.000232093546387384
RLG_AlonCN58138Al_Ava_chr6A-205924_TSD	0.69	-0.0130955052698985	-0.00132524067218235
RLG_AlonCN58138Al_Ava_chr6A-206727_TSD	0.402	-0.0119552783038384	0.000778980251532676
RLG_AlonCN58138Al_Ava_chr6A-207769_TSD	0.401	-0.011390012696662	-0.00131637123627383
RLG_AlonCN58138Al_Ava_chr7A-318130_TSD	0.294	-0.0122751192849818	-0.00217433357865511
RLG_AlonCN58138Al_Ava_chr7A-319384_TSD	0.504	-0.0111673936815111	-0.00190348936658364
RLG_AlonCN58138Al_Ava_chr7A-319472_TSD	0.358	-0.0119510021861568	0.000601013304717517
RLG_AlonCN58138Al_Ava_chr7A-320586_TSD	0.365	-0.0116941577605197	0.000176553938933921
RLG_AlonCN58138Al_Ava_chr7A-514143_TSD	0.437	-0.0121330389113982	2.07849985066679e-05
