RLG_AatlCC7277As_Ava_chr1A-231671_TSD	0.334	-0.0258774595803964	0.0224228328594306
RLG_AatlCC7277As_Ava_chr2A-061174_TSD	0.037	-0.0290982798441907	0.028009266637591
RLG_AatlCC7277As_Ava_chr2A-203266_TSD	0.371	-0.0299296754905748	0.0290871390982389
RLG_AatlCC7277As_Ava_chr2A-203342_TSD	0.303	-0.029344212451933	0.0261252995436937
RLG_AatlCC7277As_Ava_chr2A-203370_TSD	0.073	-0.0299971088805481	0.0269589144535533
RLG_AatlCC7277As_Ava_chr3A-260959_TSD	0.037	-0.0261108155985029	0.0246774580117353
RLG_AatlCC7277As_Ava_chr3A-262146_TSD	0	-0.0258399397487999	0.0242955764517552
RLG_AatlCC7277As_Ava_chr4A-433909_TSD	0.148	-0.0257122442547802	0.0244747298483839
RLG_AlonCN58138Al_Ava_chr1A-226088_TSD	0	-0.0290083992252688	0.0301586926548891
RLG_AlonCN58138Al_Ava_chr1A-234978_TSD	0.073	-0.0291986843873515	0.0283076184807508
RLG_AlonCN58138Al_Ava_chr1A-235221_TSD	0.148	-0.0295760154909666	0.028959369399293
RLG_AlonCN58138Al_Ava_chr1A-235297_TSD	0.036	-0.0297591256031828	0.028245496991078
RLG_AlonCN58138Al_Ava_chr1A-235743_TSD	0	-0.029317423961022	0.0289946348001801
RLG_AlonCN58138Al_Ava_chr1A-235828_TSD	0.222	-0.0268089125741821	0.027515736134838
RLG_AlonCN58138Al_Ava_chr1A-235927_TSD	0	-0.0265741660046826	0.0273596974632925
RLG_AlonCN58138Al_Ava_chr1A-236107_TSD	0.11	-0.0262688846892761	0.0253405225201202
RLG_AlonCN58138Al_Ava_chr1A-236682_TSD	0.185	-0.0297869094018482	0.0293122710860846
RLG_AlonCN58138Al_Ava_chr1A-236782_TSD	0.036	-0.0298608406214292	0.0288229291898882
RLG_AlonCN58138Al_Ava_chr1A-236956_TSD	0.074	-0.0295565136432285	0.029163432933494
RLG_AlonCN58138Al_Ava_chr1A-237067_TSD	0.037	-0.0289371963912903	0.0288232058016007
RLG_AlonCN58138Al_Ava_chr1A-237099_TSD	0.149	-0.0302679369880601	0.029503347800064
RLG_AlonCN58138Al_Ava_chr1A-237113_TSD	0.037	-0.0296731479520305	0.0285263519838171
RLG_AlonCN58138Al_Ava_chr1A-237171_TSD	0.148	-0.0298409292721724	0.0282423802607992
RLG_AlonCN58138Al_Ava_chr1A-237252_TSD	1.22	-0.0275249672092008	0.02522305050761
RLG_AlonCN58138Al_Ava_chr1A-237602_TSD	0.151	-0.0301287827776319	0.0295140000077496
RLG_AlonCN58138Al_Ava_chr1A-237667_TSD	0.074	-0.0296182302311357	0.02911753656502
RLG_AlonCN58138Al_Ava_chr1A-237898_TSD	0.226	-0.0293474749288656	0.0269092819655317
RLG_AlonCN58138Al_Ava_chr1A-237944_TSD	0.037	-0.0301103166712185	0.0292846596980226
RLG_AlonCN58138Al_Ava_chr1A-237958_TSD	0.335	-0.0282546322370135	0.0270416650500061
RLG_AlonCN58138Al_Ava_chr1A-238116_TSD	0.073	-0.0260623093652152	0.025868815495348
RLG_AlonCN58138Al_Ava_chr1A-238165_TSD	0.036	-0.0293063581172707	0.0288744352349355
RLG_AlonCN58138Al_Ava_chr1A-238230_TSD	0.037	-0.0297704596576399	0.0293461138707521
RLG_AlonCN58138Al_Ava_chr1A-238407_TSD	0.333	-0.027920743464983	0.0220368982323261
RLG_AlonCN58138Al_Ava_chr1A-238470_TSD	0.037	-0.0300758651395573	0.0293725419548923
RLG_AlonCN58138Al_Ava_chr1A-238966_TSD	1.017	-0.0292187612300405	0.0276644722665464
RLG_AlonCN58138Al_Ava_chr1A-239007_TSD	0.074	-0.0295359305506679	0.0283940576094555
RLG_AlonCN58138Al_Ava_chr1A-239200_TSD	0.074	-0.0295967314009867	0.0289623543410559
RLG_AlonCN58138Al_Ava_chr1A-239305_TSD	0.148	-0.0292786643988787	0.0269080057808261
RLG_AlonCN58138Al_Ava_chr1A-239315_TSD	0.037	-0.0296168415844998	0.0292561146267927
RLG_AlonCN58138Al_Ava_chr1A-239580_TSD	0.111	-0.0299725531340664	0.0293913535247744
RLG_AlonCN58138Al_Ava_chr1A-239935_TSD	0.222	-0.0248953328303651	0.0222725095443853
RLG_AlonCN58138Al_Ava_chr1A-240032_TSD	0	-0.0299204014389346	0.0293098831219423
RLG_AlonCN58138Al_Ava_chr1A-240084_TSD	0.372	-0.0307660355398091	0.0299125000968519
RLG_AlonCN58138Al_Ava_chr1A-240091_TSD	0.372	-0.0305840569710173	0.0288928643571867
RLG_AlonCN58138Al_Ava_chr1A-240126_TSD	0.222	-0.0296267029937844	0.029119716858067
RLG_AlonCN58138Al_Ava_chr1A-240162_TSD	0.037	-0.0296013936537162	0.0291800363612718
RLG_AlonCN58138Al_Ava_chr1A-240236_TSD	0	-0.0258396995021115	0.0261355790431387
RLG_AlonCN58138Al_Ava_chr1A-240316_TSD	0.339	-0.0266118511568717	0.0266317319480237
RLG_AlonCN58138Al_Ava_chr1A-240384_TSD	0.037	-0.0296129259934251	0.029382858275687
RLG_AlonCN58138Al_Ava_chr1A-240447_TSD	0.076	-0.0303852004807878	0.0316303264426369
RLG_AlonCN58138Al_Ava_chr1A-240562_TSD	0.148	-0.0292398332586002	0.0274013523849626
RLG_AlonCN58138Al_Ava_chr1A-240596_TSD	0.074	-0.0298387297751826	0.0291274235103498
RLG_AlonCN58138Al_Ava_chr1A-240757_TSD	0.297	-0.0302826511312045	0.0267049071502133
RLG_AlonCN58138Al_Ava_chr1A-241067_TSD	0.037	-0.0293627797664526	0.0288796704391518
RLG_AlonCN58138Al_Ava_chr1A-241397_TSD	0.185	-0.0293248030716547	0.0270635545496948
RLG_AlonCN58138Al_Ava_chr1A-241736_TSD	0.223	-0.0290457614008849	0.0310451333599674
RLG_AlonCN58138Al_Ava_chr1A-242087_TSD	0.15	-0.0293984156833317	0.029436549044988
RLG_AlonCN58138Al_Ava_chr1A-256908_TSD	0.223	-0.0285527519374151	0.0244307386371772
RLG_AlonCN58138Al_Ava_chr1A-303337_TSD	0.074	-0.0295217088372386	0.0293159573006317
RLG_AlonCN58138Al_Ava_chr1A-379553_TSD	0.185	-0.025684991596007	0.0240796519964436
RLG_AlonCN58138Al_Ava_chr1A-400760_TSD	0.222	-0.0281662676826119	0.0245368100371735
RLG_AlonCN58138Al_Ava_chr1A-482733_TSD	0.11	-0.025035550218164	0.0242407196246537
RLG_AlonCN58138Al_Ava_chr1A-486433_TSD	0.073	-0.0280420256335231	0.0273424051797666
RLG_AlonCN58138Al_Ava_chr2A-264125_TSD	0.074	-0.0291972337426785	0.0284465929389551
RLG_AlonCN58138Al_Ava_chr2A-273694_TSD	0.112	-0.0286337141331218	0.0273508709026451
RLG_AlonCN58138Al_Ava_chr2A-286611_TSD	0.037	-0.0295233357311814	0.0292716095655269
RLG_AlonCN58138Al_Ava_chr2A-286676_TSD	0	-0.0292001340181772	0.0288170100446051
RLG_AlonCN58138Al_Ava_chr2A-295606_TSD	0.111	-0.0286894699017078	0.0271570264552032
RLG_AlonCN58138Al_Ava_chr2A-295804_TSD	0.186	-0.0285735955330604	0.029117170719726
RLG_AlonCN58138Al_Ava_chr2A-296329_TSD	0.185	-0.0284697002888819	0.0229345744340634
RLG_AlonCN58138Al_Ava_chr2A-296341_TSD	0.073	-0.0273159164841776	0.0264791255661031
RLG_AlonCN58138Al_Ava_chr2A-296540_TSD	0.148	-0.0307290067654737	0.0285878505578992
RLG_AlonCN58138Al_Ava_chr2A-296575_TSD	0.185	-0.0286719965333592	0.0237251920432838
RLG_AlonCN58138Al_Ava_chr2A-296620_TSD	0.185	-0.0299407927918925	0.0277228720666492
RLG_AlonCN58138Al_Ava_chr2A-296719_TSD	0.191	-0.0285921792166863	0.0250108716610599
RLG_AlonCN58138Al_Ava_chr2A-296728_TSD	0.185	-0.0260365420638577	0.0253438612336611
RLG_AlonCN58138Al_Ava_chr2A-296854_TSD	0.297	-0.0286469190619544	0.0252959605255383
RLG_AlonCN58138Al_Ava_chr2A-296978_TSD	0.185	-0.0283180010167386	0.0249076192892837
RLG_AlonCN58138Al_Ava_chr2A-296992_TSD	0	-0.0290684920310603	0.0292049842651111
RLG_AlonCN58138Al_Ava_chr2A-297031_TSD	0.148	-0.0269755404452903	0.0256688636921698
RLG_AlonCN58138Al_Ava_chr2A-297285_TSD	0.113	-0.0270322800173585	0.0226703840945824
RLG_AlonCN58138Al_Ava_chr2A-297304_TSD	0.037	-0.0256255438831505	0.0298433976064487
RLG_AlonCN58138Al_Ava_chr2A-297471_TSD	0.074	-0.0299361745210977	0.0290619708811518
RLG_AlonCN58138Al_Ava_chr2A-297499_TSD	0.036	-0.029365381050171	0.0287723811322594
RLG_AlonCN58138Al_Ava_chr2A-297535_TSD	0.074	-0.0298768351780163	0.0290101721054185
RLG_AlonCN58138Al_Ava_chr2A-297593_TSD	0.037	-0.029684979675486	0.0297623869274547
RLG_AlonCN58138Al_Ava_chr2A-297691_TSD	0.446	-0.0293982875437995	0.0246430028565273
RLG_AlonCN58138Al_Ava_chr2A-297711_TSD	0.334	-0.0268808970947383	0.0232275675875105
RLG_AlonCN58138Al_Ava_chr2A-297787_TSD	0.297	-0.028712223716522	0.0265662404994267
RLG_AlonCN58138Al_Ava_chr2A-297802_TSD	0.148	-0.0293275812515709	0.0237696471481126
RLG_AlonCN58138Al_Ava_chr2A-297838_TSD	0.297	-0.0290270801752091	0.0277473078407982
RLG_AlonCN58138Al_Ava_chr2A-297902_TSD	0	-0.0263289900231242	0.0257785816008674
RLG_AlonCN58138Al_Ava_chr2A-298108_TSD	0	-0.0293307720511469	0.0294861581160286
RLG_AlonCN58138Al_Ava_chr2A-298192_TSD	0.297	-0.0285379894873911	0.0284570644604994
RLG_AlonCN58138Al_Ava_chr2A-298224_TSD	0.259	-0.0280523374099513	0.0251668072671148
RLG_AlonCN58138Al_Ava_chr2A-298243_TSD	0.296	-0.0277519672261245	0.0235381485294524
RLG_AlonCN58138Al_Ava_chr2A-298263_TSD	0.11	-0.0262835323725697	0.025879747767194
RLG_AlonCN58138Al_Ava_chr2A-298287_TSD	0.148	-0.0293731166839509	0.029155182289198
RLG_AlonCN58138Al_Ava_chr2A-298401_TSD	0.036	-0.0289828489714743	0.0290683490490881
RLG_AlonCN58138Al_Ava_chr2A-298456_TSD	0.075	-0.029761985447926	0.0298773712891136
RLG_AlonCN58138Al_Ava_chr2A-298494_TSD	1.096	-0.0282008102702875	0.0246494897202137
RLG_AlonCN58138Al_Ava_chr2A-298510_TSD	0	-0.0291947697227098	0.0286090321683818
RLG_AlonCN58138Al_Ava_chr2A-298654_TSD	0.185	-0.0284550844566739	0.0247796279984356
RLG_AlonCN58138Al_Ava_chr2A-298704_TSD	0.185	-0.0284592004427657	0.02835533093925
RLG_AlonCN58138Al_Ava_chr2A-298746_TSD	0.113	-0.0288960935079615	0.0286089113475526
RLG_AlonCN58138Al_Ava_chr2A-298834_TSD	0.037	-0.0295986976166561	0.0274481633702272
RLG_AlonCN58138Al_Ava_chr2A-298902_TSD	0.185	-0.0290451623333287	0.0231894952997885
RLG_AlonCN58138Al_Ava_chr2A-298932_TSD	0.073	-0.0264951664091484	0.02562249778918
RLG_AlonCN58138Al_Ava_chr2A-298951_TSD	0.036	-0.0263952203774711	0.0256585536932867
RLG_AlonCN58138Al_Ava_chr2A-298998_TSD	0.111	-0.0301126683566001	0.0294275044633361
RLG_AlonCN58138Al_Ava_chr2A-299010_TSD	0.222	-0.0285631900310286	0.0235270729879614
RLG_AlonCN58138Al_Ava_chr2A-299089_TSD	0.148	-0.0296277040485924	0.0284548415685967
RLG_AlonCN58138Al_Ava_chr2A-299103_TSD	0.148	-0.0298137510071704	0.0277271703420148
RLG_AlonCN58138Al_Ava_chr2A-299202_TSD	0.111	-0.0305955232861923	0.0282600746852777
RLG_AlonCN58138Al_Ava_chr2A-299210_TSD	1.248	-0.0274693753346658	0.0237291482438095
RLG_AlonCN58138Al_Ava_chr2A-299228_TSD	0.074	-0.0291790830543708	0.0292109967643776
RLG_AlonCN58138Al_Ava_chr2A-299248_TSD	0.222	-0.0297801465655369	0.0278471502707826
RLG_AlonCN58138Al_Ava_chr2A-299713_TSD	0.148	-0.0287224972344129	0.0230546109710339
RLG_AlonCN58138Al_Ava_chr2A-299806_TSD	0.074	-0.0283347068409395	0.0267741173945805
RLG_AlonCN58138Al_Ava_chr2A-299887_TSD	0.185	-0.0272078081018141	0.0229830867297006
RLG_AlonCN58138Al_Ava_chr2A-299971_TSD	0.036	-0.0263278595800225	0.0244954112581422
RLG_AlonCN58138Al_Ava_chr2A-299983_TSD	0.074	-0.0296598247704194	0.0289629014277494
RLG_AlonCN58138Al_Ava_chr2A-300050_TSD	0.148	-0.0297180236159901	0.0269392827070348
RLG_AlonCN58138Al_Ava_chr2A-300059_TSD	0.076	-0.0261304763871899	0.0225458272315736
RLG_AlonCN58138Al_Ava_chr2A-300129_TSD	0.334	-0.0274513133436825	0.0254648283427423
RLG_AlonCN58138Al_Ava_chr2A-300150_TSD	0.037	-0.029623409040099	0.0294526968399805
RLG_AlonCN58138Al_Ava_chr2A-300566_TSD	0.26	-0.0294900463048165	0.0270716521142369
RLG_AlonCN58138Al_Ava_chr2A-300647_TSD	0.185	-0.0297382368015511	0.026450462851601
RLG_AlonCN58138Al_Ava_chr2A-300670_TSD	0	-0.0298634971658121	0.0291174262287283
RLG_AlonCN58138Al_Ava_chr2A-301213_TSD	0.074	-0.0297957781236487	0.0296081011956811
RLG_AlonCN58138Al_Ava_chr2A-301357_TSD	0.372	-0.0301865136886742	0.0285373148986855
RLG_AlonCN58138Al_Ava_chr2A-301479_TSD	0.148	-0.0254792743599024	0.0239300278602511
RLG_AlonCN58138Al_Ava_chr2A-302366_TSD	0.26	-0.0286867475636814	0.0271872184382176
RLG_AlonCN58138Al_Ava_chr2A-305191_TSD	0.222	-0.0305929279604096	0.0294924906341994
RLG_AlonCN58138Al_Ava_chr2A-315546_TSD	0.34	-0.0289121010584045	0.0234368945198462
RLG_AlonCN58138Al_Ava_chr2A-315568_TSD	0.334	-0.0287174203079194	0.0233819623562702
RLG_AlonCN58138Al_Ava_chr2A-325770_TSD	0.15	-0.0289150900556837	0.0274530232048199
RLG_AlonCN58138Al_Ava_chr2A-330500_TSD	0.189	-0.028531884589978	0.0270740961855457
RLG_AlonCN58138Al_Ava_chr2A-372337_TSD	0.297	-0.0284258926406253	0.0277263895788584
RLG_AlonCN58138Al_Ava_chr2A-461615_TSD	0.111	-0.0291524682771177	0.0274935068751502
RLG_AlonCN58138Al_Ava_chr2A-482641_TSD	0.147	-0.0273936195697838	0.0229515558045737
RLG_AlonCN58138Al_Ava_chr2A-502223_TSD	0.111	-0.0286644637959338	0.0277239313729711
RLG_AlonCN58138Al_Ava_chr3A-190596_TSD	0.192	-0.0293790232434671	0.0253709725138404
RLG_AlonCN58138Al_Ava_chr3A-261712_TSD	0.037	-0.0297314647094589	0.0295963597673393
RLG_AlonCN58138Al_Ava_chr3A-262304_TSD	0.111	-0.0299303483191769	0.0296183543965438
RLG_AlonCN58138Al_Ava_chr3A-262409_TSD	0.185	-0.0287073675785918	0.0252722978187443
RLG_AlonCN58138Al_Ava_chr3A-262475_TSD	0	-0.0298185301528854	0.028996797721286
RLG_AlonCN58138Al_Ava_chr3A-262483_TSD	0	-0.0298111261539106	0.0289908669838204
RLG_AlonCN58138Al_Ava_chr3A-263083_TSD	0.185	-0.0291049324428877	0.0277500163058973
RLG_AlonCN58138Al_Ava_chr3A-263208_TSD	0.148	-0.0289237505967285	0.0263438844183186
RLG_AlonCN58138Al_Ava_chr3A-263386_TSD	0.258	-0.0265022297170569	0.0253097273047558
RLG_AlonCN58138Al_Ava_chr3A-263451_TSD	0.074	-0.0284546328424811	0.0275062564006466
RLG_AlonCN58138Al_Ava_chr3A-263795_TSD	0.073	-0.0278722837806194	0.0230405318466501
RLG_AlonCN58138Al_Ava_chr3A-264107_TSD	0.037	-0.0294784018111003	0.0304014905347616
RLG_AlonCN58138Al_Ava_chr3A-264266_TSD	0.185	-0.028022795188981	0.0282800438345258
RLG_AlonCN58138Al_Ava_chr3A-264311_TSD	0.225	-0.0286937611563779	0.0235588349307082
RLG_AlonCN58138Al_Ava_chr3A-264401_TSD	0.073	-0.0251711812519264	0.0222292418799278
RLG_AlonCN58138Al_Ava_chr3A-264619_TSD	0.037	-0.0299513059284253	0.0310122518202421
RLG_AlonCN58138Al_Ava_chr3A-264670_TSD	0.037	-0.029685706487347	0.0300247180444849
RLG_AlonCN58138Al_Ava_chr3A-264709_TSD	0.074	-0.0297978681991676	0.0296155390172133
RLG_AlonCN58138Al_Ava_chr3A-264800_TSD	0.115	-0.0287015531564186	0.0297805415976056
RLG_AlonCN58138Al_Ava_chr3A-264833_TSD	0.074	-0.0295438232364323	0.029546688762884
RLG_AlonCN58138Al_Ava_chr3A-264922_TSD	0	-0.0298510091169668	0.0291852890187478
RLG_AlonCN58138Al_Ava_chr3A-264985_TSD	0	-0.0292720814210305	0.0278386197920877
RLG_AlonCN58138Al_Ava_chr3A-265021_TSD	0.074	-0.0286150619830369	0.0289201679768432
RLG_AlonCN58138Al_Ava_chr3A-265072_TSD	0	-0.029274732685554	0.0278322774362205
RLG_AlonCN58138Al_Ava_chr3A-265088_TSD	0.111	-0.0248632700314194	0.0269941280771691
RLG_AlonCN58138Al_Ava_chr3A-265225_TSD	0.074	-0.0291168858462283	0.0276649622323271
RLG_AlonCN58138Al_Ava_chr3A-265236_TSD	0.345	-0.0269135484177038	0.0245157692599518
RLG_AlonCN58138Al_Ava_chr3A-265316_TSD	0.037	-0.0307185880860301	0.029166367542236
RLG_AlonCN58138Al_Ava_chr3A-265360_TSD	0.306	-0.0258783233211209	0.0218239118269352
RLG_AlonCN58138Al_Ava_chr3A-265520_TSD	0.148	-0.0299066834233547	0.0291346676787916
RLG_AlonCN58138Al_Ava_chr3A-265581_TSD	0	-0.0299302603654784	0.0294010727577685
RLG_AlonCN58138Al_Ava_chr3A-265595_TSD	0.111	-0.0281598331658373	0.0242522839373604
RLG_AlonCN58138Al_Ava_chr3A-265729_TSD	0.297	-0.0281848506055815	0.0243548884714005
RLG_AlonCN58138Al_Ava_chr3A-265833_TSD	0.074	-0.0297242527205475	0.0293842376064053
RLG_AlonCN58138Al_Ava_chr3A-265850_TSD	0.037	-0.0296798788666462	0.0293486933446194
RLG_AlonCN58138Al_Ava_chr3A-265957_TSD	0.222	-0.0277138618296779	0.0252450618924804
RLG_AlonCN58138Al_Ava_chr3A-265979_TSD	0.036	-0.0292329912746815	0.0297122959771174
RLG_AlonCN58138Al_Ava_chr3A-266260_TSD	0	-0.0307440946973536	0.029207944315725
RLG_AlonCN58138Al_Ava_chr3A-266366_TSD	0.113	-0.0270703621259243	0.0268207603181846
RLG_AlonCN58138Al_Ava_chr3A-266453_TSD	0.222	-0.0273012931684821	0.0254905318071902
RLG_AlonCN58138Al_Ava_chr3A-266581_TSD	0.037	-0.0297995325390684	0.0288216717850928
RLG_AlonCN58138Al_Ava_chr3A-266648_TSD	0.111	-0.0256130128126972	0.0288415470820038
RLG_AlonCN58138Al_Ava_chr3A-266715_TSD	0.222	-0.0281705446550796	0.024851492009674
RLG_AlonCN58138Al_Ava_chr3A-267184_TSD	0.447	-0.0263211502040304	0.0230959357295064
RLG_AlonCN58138Al_Ava_chr3A-267232_TSD	0.148	-0.0276088872488828	0.0281498071215466
RLG_AlonCN58138Al_Ava_chr3A-267414_TSD	0.223	-0.0275068277425755	0.0237770237542138
RLG_AlonCN58138Al_Ava_chr3A-267464_TSD	0.111	-0.0298007275463991	0.0291650624389461
RLG_AlonCN58138Al_Ava_chr3A-267527_TSD	0.073	-0.026768292169006	0.0256336417058656
RLG_AlonCN58138Al_Ava_chr3A-267547_TSD	0.075	-0.0288786131863851	0.0263319028876439
RLG_AlonCN58138Al_Ava_chr3A-267610_TSD	0.111	-0.0295661019689699	0.0296084283481349
RLG_AlonCN58138Al_Ava_chr3A-267639_TSD	0.148	-0.0295782883533704	0.0291148740571985
RLG_AlonCN58138Al_Ava_chr3A-267844_TSD	0.222	-0.0292564069465802	0.028657608314024
RLG_AlonCN58138Al_Ava_chr3A-267959_TSD	0.036	-0.0282424586524055	0.0276685055973895
RLG_AlonCN58138Al_Ava_chr3A-268046_TSD	0.268	-0.0274087984251504	0.0250581789363283
RLG_AlonCN58138Al_Ava_chr3A-268126_TSD	0.111	-0.0282863285759665	0.0242960841053221
RLG_AlonCN58138Al_Ava_chr3A-268356_TSD	0.185	-0.0288611566769619	0.0295651404502615
RLG_AlonCN58138Al_Ava_chr3A-268527_TSD	0.074	-0.030235420803067	0.0291308366749054
RLG_AlonCN58138Al_Ava_chr3A-269690_TSD	0.147	-0.0261543712393816	0.0235705909927886
RLG_AlonCN58138Al_Ava_chr3A-285026_TSD	0.26	-0.0289918790925829	0.0259964171885257
RLG_AlonCN58138Al_Ava_chr3A-331256_TSD	0.222	-0.0281555094059291	0.0251721668253346
RLG_AlonCN58138Al_Ava_chr3A-523708_TSD	0.073	-0.0281510674283412	0.028981605275948
RLG_AlonCN58138Al_Ava_chr4A-052707_TSD	0.445	-0.0291655591933065	0.0241341196320436
RLG_AlonCN58138Al_Ava_chr4A-126718_TSD	0.111	-0.0288745367645852	0.030177276568719
RLG_AlonCN58138Al_Ava_chr4A-155914_TSD	0.148	-0.0294367266055067	0.0286059231613001
RLG_AlonCN58138Al_Ava_chr4A-155940_TSD	0.15	-0.0295046701902451	0.0282150000462833
RLG_AlonCN58138Al_Ava_chr4A-159131_TSD	0.037	-0.0288961816084838	0.0294027537559824
RLG_AlonCN58138Al_Ava_chr4A-159569_TSD	0.037	-0.0289943389600397	0.0284909401283357
RLG_AlonCN58138Al_Ava_chr4A-159872_TSD	0.37	-0.027036752537936	0.0227180152780895
RLG_AlonCN58138Al_Ava_chr4A-160033_TSD	0.263	-0.0287181951885271	0.0244893494022782
RLG_AlonCN58138Al_Ava_chr4A-160328_TSD	0.297	-0.0275275357243016	0.023284987287567
RLG_AlonCN58138Al_Ava_chr4A-160397_TSD	0.112	-0.0283481574678925	0.0290542007956011
RLG_AlonCN58138Al_Ava_chr4A-160459_TSD	0	-0.0295679560497932	0.0288579338012171
RLG_AlonCN58138Al_Ava_chr4A-160492_TSD	0.185	-0.0260132021333493	0.0258330349506268
RLG_AlonCN58138Al_Ava_chr4A-160589_TSD	0.26	-0.02869523222148	0.0269820955335338
RLG_AlonCN58138Al_Ava_chr4A-160663_TSD	0.148	-0.0291323945440172	0.0298606046861248
RLG_AlonCN58138Al_Ava_chr4A-160801_TSD	0.148	-0.0271893806315683	0.0242057664658121
RLG_AlonCN58138Al_Ava_chr4A-161027_TSD	0.148	-0.0286477986511701	0.0260621743386835
RLG_AlonCN58138Al_Ava_chr4A-161157_TSD	0.372	-0.0275312964398375	0.0249542797040669
RLG_AlonCN58138Al_Ava_chr4A-161224_TSD	0.037	-0.0295651666047906	0.0273402831991193
RLG_AlonCN58138Al_Ava_chr4A-161337_TSD	0.296	-0.0293692474932777	0.0253947963016145
RLG_AlonCN58138Al_Ava_chr4A-161414_TSD	0.222	-0.0291268353010421	0.0285834295884669
RLG_AlonCN58138Al_Ava_chr4A-161468_TSD	0.113	-0.0292351976702052	0.0288628325392194
RLG_AlonCN58138Al_Ava_chr4A-161788_TSD	0.075	-0.0292157134093683	0.0282262020666909
RLG_AlonCN58138Al_Ava_chr4A-161862_TSD	0.074	-0.0296612445492798	0.0287640679489019
RLG_AlonCN58138Al_Ava_chr4A-161929_TSD	0.264	-0.027528900922059	0.0243305971854058
RLG_AlonCN58138Al_Ava_chr4A-162359_TSD	0.111	-0.0290430279755351	0.0280638863600085
RLG_AlonCN58138Al_Ava_chr4A-162414_TSD	0.296	-0.0275245316941552	0.0253411887779325
RLG_AlonCN58138Al_Ava_chr4A-162458_TSD	0.037	-0.0297513373310173	0.0278354714785144
RLG_AlonCN58138Al_Ava_chr4A-162565_TSD	0.074	-0.0289551705784729	0.0292240798611293
RLG_AlonCN58138Al_Ava_chr4A-162593_TSD	0.297	-0.026064979036229	0.024505803642634
RLG_AlonCN58138Al_Ava_chr4A-162657_TSD	0.037	-0.029659476695489	0.030971599510351
RLG_AlonCN58138Al_Ava_chr4A-162696_TSD	0.111	-0.0295564178115348	0.0286061935612293
RLG_AlonCN58138Al_Ava_chr4A-163207_TSD	0.188	-0.0284723135316013	0.0287128248953916
RLG_AlonCN58138Al_Ava_chr4A-163345_TSD	0.074	-0.0265502573809137	0.0283857738644144
RLG_AlonCN58138Al_Ava_chr4A-163436_TSD	0.297	-0.0282395124160483	0.0247716621569143
RLG_AlonCN58138Al_Ava_chr4A-163519_TSD	0.148	-0.0287678442523089	0.028194757753214
RLG_AlonCN58138Al_Ava_chr4A-163797_TSD	0.26	-0.0287433688089068	0.0283027350488822
RLG_AlonCN58138Al_Ava_chr4A-163965_TSD	0.111	-0.028029768256448	0.0281771597870615
RLG_AlonCN58138Al_Ava_chr4A-163991_TSD	0.112	-0.0286495972413024	0.0260973320430744
RLG_AlonCN58138Al_Ava_chr4A-164065_TSD	0.11	-0.028354468240703	0.0242418037304428
RLG_AlonCN58138Al_Ava_chr4A-164206_TSD	0.11	-0.029094207130572	0.0283615791381787
RLG_AlonCN58138Al_Ava_chr4A-164343_TSD	0	-0.0297945495344641	0.0275021984186515
RLG_AlonCN58138Al_Ava_chr4A-164359_TSD	0.185	-0.0296737332832059	0.0266443752878442
RLG_AlonCN58138Al_Ava_chr4A-164499_TSD	0.222	-0.0274520011172432	0.0241644040019752
RLG_AlonCN58138Al_Ava_chr4A-164515_TSD	0.148	-0.0295699102879336	0.0288861939452279
RLG_AlonCN58138Al_Ava_chr4A-164794_TSD	0.416	-0.0275080707854461	0.0233265287331668
RLG_AlonCN58138Al_Ava_chr4A-164849_TSD	0.113	-0.0293701945454591	0.0287508354342228
RLG_AlonCN58138Al_Ava_chr4A-165079_TSD	0.185	-0.0305886357925198	0.027427770943472
RLG_AlonCN58138Al_Ava_chr4A-165176_TSD	0.391	-0.0277629100721495	0.023400909664584
RLG_AlonCN58138Al_Ava_chr4A-165301_TSD	0.296	-0.0284382975392466	0.0248229867807038
RLG_AlonCN58138Al_Ava_chr4A-165332_TSD	0.074	-0.0306516702467535	0.0275108890879948
RLG_AlonCN58138Al_Ava_chr4A-165586_TSD	0	-0.0295828584449843	0.0287172843129682
RLG_AlonCN58138Al_Ava_chr4A-165609_TSD	0.259	-0.0294003707684117	0.0286767323969487
RLG_AlonCN58138Al_Ava_chr4A-165725_TSD	0.185	-0.0274428394060011	0.0259108540998001
RLG_AlonCN58138Al_Ava_chr4A-165982_TSD	0.863	-0.0282649697712489	0.0275120709908609
RLG_AlonCN58138Al_Ava_chr4A-166012_TSD	0.148	-0.0286293751170328	0.0264036906281389
RLG_AlonCN58138Al_Ava_chr4A-166086_TSD	0.149	-0.025011128266425	0.0247956128011624
RLG_AlonCN58138Al_Ava_chr4A-166120_TSD	0.036	-0.0282256323059348	0.0251867213932595
RLG_AlonCN58138Al_Ava_chr4A-166246_TSD	1.017	-0.0287054483224231	0.0287366063711335
RLG_AlonCN58138Al_Ava_chr4A-166452_TSD	0.152	-0.0274829087255676	0.0257788945002113
RLG_AlonCN58138Al_Ava_chr4A-166485_TSD	0.335	-0.0265549684870367	0.0261825148335258
RLG_AlonCN58138Al_Ava_chr4A-166532_TSD	0.037	-0.0292145860077578	0.0295273930021941
RLG_AlonCN58138Al_Ava_chr4A-166789_TSD	0.073	-0.0248091284861324	0.0254107003536047
RLG_AlonCN58138Al_Ava_chr4A-167218_TSD	0.148	-0.0292517746446762	0.0303711209608669
RLG_AlonCN58138Al_Ava_chr4A-167292_TSD	0.148	-0.0282184403658462	0.025158117307481
RLG_AlonCN58138Al_Ava_chr4A-168323_TSD	0.524	-0.0269406413756734	0.027717934272596
RLG_AlonCN58138Al_Ava_chr4A-168544_TSD	0.193	-0.0275866289550391	0.0267426679443533
RLG_AlonCN58138Al_Ava_chr4A-168600_TSD	0.264	-0.0299864247487875	0.0284648680743688
RLG_AlonCN58138Al_Ava_chr4A-168854_TSD	0.222	-0.0292286504220145	0.0294974240241267
RLG_AlonCN58138Al_Ava_chr4A-168879_TSD	0.15	-0.0281590063622808	0.0296156970015997
RLG_AlonCN58138Al_Ava_chr4A-169441_TSD	0.074	-0.0292838703923111	0.0300813136686099
RLG_AlonCN58138Al_Ava_chr4A-195034_TSD	0.409	-0.0294286970600949	0.0288730294976882
RLG_AlonCN58138Al_Ava_chr5A-004588_TSD	0.037	-0.0276137195810778	0.024030483018621
RLG_AlonCN58138Al_Ava_chr5A-022122_TSD	0.148	-0.0279168887360634	0.0244503318899618
RLG_AlonCN58138Al_Ava_chr5A-032033_TSD	0.111	-0.0275376724750518	0.0265864503649925
RLG_AlonCN58138Al_Ava_chr5A-127326_TSD	0.263	-0.0292901504964282	0.0261111009464644
RLG_AlonCN58138Al_Ava_chr5A-184516_TSD	0.222	-0.028425525784743	0.0270785315790704
RLG_AlonCN58138Al_Ava_chr5A-274605_TSD	0.259	-0.0287822576171245	0.0239915695383592
RLG_AlonCN58138Al_Ava_chr5A-280695_TSD	0.111	-0.0285021124750536	0.0297767032058829
RLG_AlonCN58138Al_Ava_chr5A-285414_TSD	0.151	-0.0282191881186139	0.0290903793711959
RLG_AlonCN58138Al_Ava_chr5A-285808_TSD	0.221	-0.0267469215405989	0.0230798074788574
RLG_AlonCN58138Al_Ava_chr5A-285986_TSD	0.111	-0.0285220035838764	0.0298597089187109
RLG_AlonCN58138Al_Ava_chr5A-286065_TSD	0.189	-0.0254439723557709	0.0257638497006209
RLG_AlonCN58138Al_Ava_chr5A-286214_TSD	0.185	-0.0267065420012866	0.0223031217054926
RLG_AlonCN58138Al_Ava_chr5A-287141_TSD	0.185	-0.0269845307093541	0.0255270845003027
RLG_AlonCN58138Al_Ava_chr5A-287189_TSD	0.297	-0.0266643694140339	0.0283586753288864
RLG_AlonCN58138Al_Ava_chr5A-287562_TSD	0.148	-0.0277590731491696	0.0277029198196201
RLG_AlonCN58138Al_Ava_chr5A-287628_TSD	0.372	-0.0278399686409069	0.0258222706858575
RLG_AlonCN58138Al_Ava_chr5A-287721_TSD	0.037	-0.0289170081798722	0.0295581280434338
RLG_AlonCN58138Al_Ava_chr5A-288088_TSD	0.148	-0.028149467949835	0.0276039546728997
RLG_AlonCN58138Al_Ava_chr5A-288388_TSD	0.074	-0.0288955907310015	0.0286815526302668
RLG_AlonCN58138Al_Ava_chr5A-288728_TSD	0.222	-0.029130996399292	0.0285826093904068
RLG_AlonCN58138Al_Ava_chr5A-288796_TSD	0.263	-0.0280533653696347	0.0294867615656722
RLG_AlonCN58138Al_Ava_chr5A-288860_TSD	0.111	-0.0265332774580403	0.0259253129868229
RLG_AlonCN58138Al_Ava_chr5A-289132_TSD	0.185	-0.0278819172478318	0.0278034057026339
RLG_AlonCN58138Al_Ava_chr5A-289780_TSD	0.148	-0.0279225241765645	0.0279058170430727
RLG_AlonCN58138Al_Ava_chr5A-445586_TSD	0.26	-0.0268434870942811	0.0251678263666713
RLG_AlonCN58138Al_Ava_chr5A-456542_TSD	0.037	-0.0290172754113198	0.0284950837521851
RLG_AlonCN58138Al_Ava_chr5A-479142_TSD	0.26	-0.0277248740353683	0.0274223084622893
RLG_AlonCN58138Al_Ava_chr5A-536947_TSD	0	-0.0288905694943557	0.0284720883078985
RLG_AlonCN58138Al_Ava_chr6A-060464_TSD	0.037	-0.0290784046439844	0.0273377645580941
RLG_AlonCN58138Al_Ava_chr6A-178962_TSD	0.037	-0.0286319508975971	0.0278216307302627
RLG_AlonCN58138Al_Ava_chr6A-201368_TSD	0.223	-0.0288777877104462	0.028394832446428
RLG_AlonCN58138Al_Ava_chr6A-201578_TSD	0.187	-0.0285287733457433	0.0266327769650798
RLG_AlonCN58138Al_Ava_chr6A-201804_TSD	0.074	-0.0287200313034178	0.0286854469590948
RLG_AlonCN58138Al_Ava_chr6A-201906_TSD	0.111	-0.0275395204200309	0.0234790625451086
RLG_AlonCN58138Al_Ava_chr6A-202532_TSD	0.223	-0.0275840640897963	0.0279025113273501
RLG_AlonCN58138Al_Ava_chr6A-202556_TSD	0.188	-0.0280549444390715	0.0262270180177092
RLG_AlonCN58138Al_Ava_chr6A-202787_TSD	0.223	-0.0286557930420777	0.0248330148999251
RLG_AlonCN58138Al_Ava_chr6A-202797_TSD	0.222	-0.028315982167633	0.0264550175905065
RLG_AlonCN58138Al_Ava_chr6A-202820_TSD	0.185	-0.0287389493593867	0.025483795637404
RLG_AlonCN58138Al_Ava_chr6A-203169_TSD	0	-0.0286055650475141	0.0285955572470677
RLG_AlonCN58138Al_Ava_chr6A-203489_TSD	0.301	-0.0271605210424892	0.0254426503922298
RLG_AlonCN58138Al_Ava_chr6A-203547_TSD	0.297	-0.0278703289811318	0.0257361218386851
RLG_AlonCN58138Al_Ava_chr6A-203591_TSD	0.111	-0.027928427315407	0.0256511696987353
RLG_AlonCN58138Al_Ava_chr6A-204416_TSD	0.111	-0.0287753600556355	0.0282203541397381
RLG_AlonCN58138Al_Ava_chr6A-204626_TSD	0.148	-0.0266797286055808	0.0280420780802038
RLG_AlonCN58138Al_Ava_chr6A-204721_TSD	0	-0.0283323657157331	0.0263796065586809
RLG_AlonCN58138Al_Ava_chr6A-204760_TSD	0	-0.0287475791236338	0.0282095043790797
RLG_AlonCN58138Al_Ava_chr6A-204841_TSD	0.222	-0.0293007439834294	0.0261089023525094
RLG_AlonCN58138Al_Ava_chr6A-204877_TSD	0.223	-0.0282678888173191	0.0257561325353565
RLG_AlonCN58138Al_Ava_chr6A-205130_TSD	0.111	-0.0282466156432481	0.0264127982744329
RLG_AlonCN58138Al_Ava_chr6A-205389_TSD	0.117	-0.0294641723942351	0.0259694601102101
RLG_AlonCN58138Al_Ava_chr6A-205416_TSD	0.111	-0.0285101085760761	0.0263587494355338
RLG_AlonCN58138Al_Ava_chr6A-205440_TSD	0.111	-0.0286969512475607	0.0284698391438074
RLG_AlonCN58138Al_Ava_chr6A-205456_TSD	0.037	-0.0286637698670068	0.028461533307756
RLG_AlonCN58138Al_Ava_chr6A-205467_TSD	0.112	-0.0257724147579866	0.0276823695753947
RLG_AlonCN58138Al_Ava_chr6A-205540_TSD	0.111	-0.0284955395425537	0.0271994233880637
RLG_AlonCN58138Al_Ava_chr6A-205613_TSD	0.222	-0.0270833534526947	0.0251401723510816
RLG_AlonCN58138Al_Ava_chr6A-206264_TSD	0.297	-0.0282606389593199	0.0254792361294285
RLG_AlonCN58138Al_Ava_chr6A-206332_TSD	0.297	-0.0278386276892821	0.0261474342325841
RLG_AlonCN58138Al_Ava_chr6A-206346_TSD	0.111	-0.0290751461146995	0.0277891742122606
RLG_AlonCN58138Al_Ava_chr6A-206405_TSD	0.148	-0.0287455903311244	0.0283256836456876
RLG_AlonCN58138Al_Ava_chr6A-206882_TSD	0.187	-0.028302589667525	0.0292435383558011
RLG_AlonCN58138Al_Ava_chr6A-207376_TSD	0.148	-0.0263265654770213	0.025989348350742
RLG_AlonCN58138Al_Ava_chr6A-207411_TSD	0.111	-0.0287724211538913	0.0284746999684045
RLG_AlonCN58138Al_Ava_chr6A-207495_TSD	0.148	-0.028807760887315	0.0294037221707517
RLG_AlonCN58138Al_Ava_chr6A-207778_TSD	0.037	-0.0250930194361429	0.0262363457559475
RLG_AlonCN58138Al_Ava_chr6A-212298_TSD	0.111	-0.0286666904248475	0.0284573756852306
RLG_AlonCN58138Al_Ava_chr6A-397731_TSD	0.297	-0.0296695595601282	0.0296077388383609
RLG_AlonCN58138Al_Ava_chr7A-025759_TSD	0.111	-0.0294793369070351	0.0274384832593417
RLG_AlonCN58138Al_Ava_chr7A-037791_TSD	0.112	-0.0273506511743945	0.0266309903038327
RLG_AlonCN58138Al_Ava_chr7A-057796_TSD	0.333	-0.0263205126238663	0.0234672102266353
RLG_AlonCN58138Al_Ava_chr7A-145403_TSD	0.148	-0.0286116543637072	0.0264419625617296
RLG_AlonCN58138Al_Ava_chr7A-284649_TSD	0.11	-0.0282394173880491	0.0288560380708592
RLG_AlonCN58138Al_Ava_chr7A-315318_TSD	0.037	-0.0273965316355687	0.0265581835651981
RLG_AlonCN58138Al_Ava_chr7A-315479_TSD	0.073	-0.0288923889132924	0.0282034651918723
RLG_AlonCN58138Al_Ava_chr7A-316048_TSD	0.297	-0.0283339071881899	0.0221103189378768
RLG_AlonCN58138Al_Ava_chr7A-316570_TSD	0.111	-0.028503467079727	0.0297036183744988
RLG_AlonCN58138Al_Ava_chr7A-316849_TSD	0.073	-0.0279747000561939	0.0226960648575586
RLG_AlonCN58138Al_Ava_chr7A-317144_TSD	0.372	-0.025718981497077	0.0260556212751101
RLG_AlonCN58138Al_Ava_chr7A-317178_TSD	0.074	-0.0286273128305018	0.0252467771835638
RLG_AlonCN58138Al_Ava_chr7A-317253_TSD	0.302	-0.0284183197618596	0.0244829264037116
RLG_AlonCN58138Al_Ava_chr7A-317291_TSD	0.074	-0.0280552495946035	0.025735790619869
RLG_AlonCN58138Al_Ava_chr7A-317356_TSD	0.259	-0.0270656833763266	0.0271456781677706
RLG_AlonCN58138Al_Ava_chr7A-317595_TSD	0.185	-0.0263116891494546	0.0260715847799421
RLG_AlonCN58138Al_Ava_chr7A-317648_TSD	0.222	-0.028490872477071	0.0285795182004163
RLG_AlonCN58138Al_Ava_chr7A-317808_TSD	0.111	-0.0288254654370428	0.0241450210918461
RLG_AlonCN58138Al_Ava_chr7A-317896_TSD	0	-0.0280704846840537	0.0256154845768291
RLG_AlonCN58138Al_Ava_chr7A-318046_TSD	0.148	-0.0290779551840506	0.02406818701439
RLG_AlonCN58138Al_Ava_chr7A-318216_TSD	0.259	-0.0248445302210289	0.0223614626631701
RLG_AlonCN58138Al_Ava_chr7A-318381_TSD	0.259	-0.0256096444630076	0.0232559765236599
RLG_AlonCN58138Al_Ava_chr7A-318417_TSD	0.074	-0.0290677486130254	0.0276421662677327
RLG_AlonCN58138Al_Ava_chr7A-318582_TSD	0.226	-0.0270782927009127	0.0248253173514875
RLG_AlonCN58138Al_Ava_chr7A-318682_TSD	0.112	-0.0286093699530588	0.0251595662798933
RLG_AlonCN58138Al_Ava_chr7A-318726_TSD	0.148	-0.0252781257185792	0.024626184335082
RLG_AlonCN58138Al_Ava_chr7A-318965_TSD	0.222	-0.0265097703850335	0.0286230643000513
RLG_AlonCN58138Al_Ava_chr7A-319284_TSD	0.185	-0.0276351844238117	0.0257690063061026
RLG_AlonCN58138Al_Ava_chr7A-319454_TSD	0.148	-0.026490968221458	0.0248384648763852
RLG_AlonCN58138Al_Ava_chr7A-319528_TSD	0.259	-0.0292177749677548	0.029794653971366
RLG_AlonCN58138Al_Ava_chr7A-319572_TSD	0.187	-0.0286824960050674	0.0290696456116747
RLG_AlonCN58138Al_Ava_chr7A-319811_TSD	0.073	-0.0279623833688707	0.0268520051206238
RLG_AlonCN58138Al_Ava_chr7A-320572_TSD	0.185	-0.0282816079496516	0.0280294982605803
RLG_AlonCN58138Al_Ava_chr7A-320648_TSD	0.333	-0.0280270167234178	0.0276741812893669
RLG_AlonCN58138Al_Ava_chr7A-320914_TSD	0.185	-0.0280694915049467	0.0252311601524354
RLG_AlonCN58138Al_Ava_chr7A-321003_TSD	0.074	-0.027724863198532	0.0266230365391923
RLG_AlonCN58138Al_Ava_chr7A-321184_TSD	0.408	-0.0265449038818269	0.0226131505481594
RLG_AlonCN58138Al_Ava_chr7A-321254_TSD	0.11	-0.0269261295600946	0.0266520589359291
RLG_AlonCN58138Al_Ava_chr7A-321319_TSD	0.185	-0.0271571337704082	0.0304191285701784
RLG_AlonCN58138Al_Ava_chr7A-321472_TSD	0.447	-0.027485838484447	0.0254772253151635
RLG_AlonCN58138Al_Ava_chr7A-321497_TSD	0.037	-0.0282043585697839	0.02618333578207
RLG_AlonCN58138Al_Ava_chr7A-321600_TSD	0.148	-0.0283091897470944	0.0259136464005491
RLG_AlonCN58138Al_Ava_chr7A-322267_TSD	0.148	-0.0279274043253969	0.0261810195227541
RLG_AlonCN58138Al_Ava_chr7A-439041_TSD	0.26	-0.0284854221905361	0.0247042336717214
RLG_AlonCN58138Al_Ava_chr7A-532692_TSD	0.037	-0.0287496666286343	0.0295872322277689
RLG_AsatOT3098_Ava_chr3A-009367_TSD	0.111	-0.0264382354396371	0.0233927245227219
