RLG_AatlCC7277As_Ava_chr3A-107280_TSD	0.323	-0.00507621338741462	-0.0266136668273304
RLG_AatlCC7277As_Ava_chr5A-188783_TSD	0.324	-0.00507586556085604	-0.0274209011346031
RLG_AsatOT3098_Ava_chr1A-016214_TSD	0.215	-0.00501449081680771	-0.0277131047053993
RLG_AsatOT3098_Ava_chr1A-099075_TSD	0.54	-0.00405518116330014	-0.0308745214484329
RLG_AsatOT3098_Ava_chr1A-099083_TSD	0.432	-0.00459196815080691	-0.0301838515088164
RLG_AsatOT3098_Ava_chr1A-109586_TSD	0.441	-0.00440453602563095	-0.0291353100569139
RLG_AsatOT3098_Ava_chr1A-115038_TSD	0.291	-0.0056150002530075	-0.029485612052107
RLG_AsatOT3098_Ava_chr1A-141097_TSD	0.179	-0.00543887807105616	-0.0288043193838402
RLG_AsatOT3098_Ava_chr1A-144149_TSD	0.179	-0.0047784086701171	-0.0292616777895881
RLG_AsatOT3098_Ava_chr1A-152511_TSD	0.181	-0.00442687152962962	-0.0300384007846976
RLG_AsatOT3098_Ava_chr1A-153023_TSD	0.179	-0.00483321707419259	-0.0275687653483876
RLG_AsatOT3098_Ava_chr1A-153460_TSD	0.179	-0.0047109759708374	-0.0289805626805319
RLG_AsatOT3098_Ava_chr1A-153810_TSD	0.143	-0.0049377109625486	-0.0283965001788648
RLG_AsatOT3098_Ava_chr1A-153939_TSD	0.179	-0.0057327480073747	-0.029135832073532
RLG_AsatOT3098_Ava_chr1A-153975_TSD	0.143	-0.00456476271195351	-0.0297095121835499
RLG_AsatOT3098_Ava_chr1A-154046_TSD	0.251	-0.00369544448551154	-0.027093163350006
RLG_AsatOT3098_Ava_chr1A-154254_TSD	0.945	-0.00521632180217052	-0.0288690287788781
RLG_AsatOT3098_Ava_chr1A-154316_TSD	0.107	-0.00346017414889787	-0.0300698510653018
RLG_AsatOT3098_Ava_chr1A-154481_TSD	0.145	-0.00432179842592282	-0.0295809997665294
RLG_AsatOT3098_Ava_chr1A-154591_TSD	0.215	-0.00512076457013576	-0.0304672982970692
RLG_AsatOT3098_Ava_chr1A-154611_TSD	0.358	-0.00466001973007761	-0.0297625977878884
RLG_AsatOT3098_Ava_chr1A-154661_TSD	0.25	-0.00437298172004291	-0.0277860583904401
RLG_AsatOT3098_Ava_chr1A-154730_TSD	0.035	-0.00535287728570409	-0.0289010230369547
RLG_AsatOT3098_Ava_chr1A-154749_TSD	0.109	-0.00542561520773371	-0.0311246254844945
RLG_AsatOT3098_Ava_chr1A-154796_TSD	0.215	-0.00406900790143516	-0.0269304084430175
RLG_AsatOT3098_Ava_chr1A-154811_TSD	0.287	-0.00492972766724716	-0.029291722970229
RLG_AsatOT3098_Ava_chr1A-154841_TSD	0.178	-0.00528069918338308	-0.0292338996622221
RLG_AsatOT3098_Ava_chr1A-154850_TSD	0.107	-0.00790685872541302	-0.0246094462755457
RLG_AsatOT3098_Ava_chr1A-154925_TSD	1.663	-0.00250470854673928	-0.0274163137915585
RLG_AsatOT3098_Ava_chr1A-154992_TSD	0.36	-0.00567177795933553	-0.030446851128222
RLG_AsatOT3098_Ava_chr1A-155012_TSD	0.25	-0.00461768800959703	-0.0295799850355392
RLG_AsatOT3098_Ava_chr1A-155061_TSD	0.324	-0.00475716439718176	-0.0296243562821982
RLG_AsatOT3098_Ava_chr1A-155161_TSD	0.26	-0.00600981298861565	-0.0289692710738948
RLG_AsatOT3098_Ava_chr1A-155248_TSD	0.251	-0.00471269441708209	-0.0306315019399012
RLG_AsatOT3098_Ava_chr1A-155426_TSD	0.323	-0.0056863744344457	-0.0300467288435077
RLG_AsatOT3098_Ava_chr1A-155466_TSD	1.203	-0.00513289003784078	-0.0267130125044811
RLG_AsatOT3098_Ava_chr1A-155520_TSD	0.214	-0.00517469688180269	-0.0274703036281897
RLG_AsatOT3098_Ava_chr1A-155557_TSD	0.107	-0.0045929211716714	-0.029981575618894
RLG_AsatOT3098_Ava_chr1A-155579_TSD	0.287	-0.00689386188460971	-0.0250775681427268
RLG_AsatOT3098_Ava_chr1A-155614_TSD	0.251	-0.00402327724939696	-0.0277296005057077
RLG_AsatOT3098_Ava_chr1A-155630_TSD	0.252	-0.00453151023281463	-0.028118992975468
RLG_AsatOT3098_Ava_chr1A-155679_TSD	0.179	-0.00756472295954421	-0.0245909850609483
RLG_AsatOT3098_Ava_chr1A-155688_TSD	0.143	-0.00545094861407226	-0.0297562368714276
RLG_AsatOT3098_Ava_chr1A-156161_TSD	0.214	-0.00446113956617105	-0.0288715430082599
RLG_AsatOT3098_Ava_chr1A-156233_TSD	0.107	-0.00478962912842711	-0.0289084924897278
RLG_AsatOT3098_Ava_chr1A-156273_TSD	0.035	-0.00524230182739612	-0.0283428096554236
RLG_AsatOT3098_Ava_chr1A-156280_TSD	0.215	-0.00510794110063132	-0.0302880463573926
RLG_AsatOT3098_Ava_chr1A-156361_TSD	0.215	-0.00261529740733367	-0.0248066663907732
RLG_AsatOT3098_Ava_chr1A-156376_TSD	0.214	-0.00502586680697059	-0.0274094114562141
RLG_AsatOT3098_Ava_chr1A-156441_TSD	0.25	-0.00245700564670263	-0.0275495564981185
RLG_AsatOT3098_Ava_chr1A-156456_TSD	0.54	-0.00432995261696824	-0.0294520357998653
RLG_AsatOT3098_Ava_chr1A-156512_TSD	0.25	-0.00425242908949069	-0.028130221944377
RLG_AsatOT3098_Ava_chr1A-156555_TSD	0.549	-0.00248238177585518	-0.0282528133581616
RLG_AsatOT3098_Ava_chr1A-156566_TSD	0	-0.0049591934001894	-0.0292087676431991
RLG_AsatOT3098_Ava_chr1A-156664_TSD	0.179	-0.00507498437972086	-0.0279579077734617
RLG_AsatOT3098_Ava_chr1A-156708_TSD	0.179	-0.00462371055993779	-0.0279658930944106
RLG_AsatOT3098_Ava_chr1A-156718_TSD	0.467	-0.00735206272122709	-0.023415137739695
RLG_AsatOT3098_Ava_chr1A-156916_TSD	0.289	-0.00447530909531277	-0.0268281198126585
RLG_AsatOT3098_Ava_chr1A-157078_TSD	0.254	-0.00484612650799347	-0.0280573583356919
RLG_AsatOT3098_Ava_chr1A-157136_TSD	0.072	-0.00459771793998212	-0.0285883572024497
RLG_AsatOT3098_Ava_chr1A-157740_TSD	0.178	-0.00390686662935331	-0.0303908998895167
RLG_AsatOT3098_Ava_chr1A-158731_TSD	0.474	-0.0048840416372958	-0.0282894249428622
RLG_AsatOT3098_Ava_chr1A-159372_TSD	0.143	-0.00545645301241073	-0.0298450335107938
RLG_AsatOT3098_Ava_chr1A-159940_TSD	0.398	-0.00633216653573109	-0.0284728065004515
RLG_AsatOT3098_Ava_chr1A-160196_TSD	0.432	-0.00435299239977049	-0.028123787630224
RLG_AsatOT3098_Ava_chr1A-196383_TSD	0.214	-0.00409887908443533	-0.0268141239062909
RLG_AsatOT3098_Ava_chr1A-202692_TSD	0.287	-0.00370293795832844	-0.0257447867714181
RLG_AsatOT3098_Ava_chr1A-281624_TSD	0.254	-0.00444047830264023	-0.0302841614958126
RLG_AsatOT3098_Ava_chr1A-286630_TSD	0.181	-0.00780733917906608	-0.0263388205381323
RLG_AsatOT3098_Ava_chr1A-322862_TSD	0.434	-0.00378745701185892	-0.0294452643644251
RLG_AsatOT3098_Ava_chr1A-322932_TSD	0.107	-0.00340808765969079	-0.0293738842396646
RLG_AsatOT3098_Ava_chr1A-343242_TSD	0.108	-0.00431053725997732	-0.0292616061711504
RLG_AsatOT3098_Ava_chr1A-366407_TSD	0.143	-0.00449360862453066	-0.0294110827427025
RLG_AsatOT3098_Ava_chr1A-368698_TSD	0.143	-0.00520549377226952	-0.0292246475314554
RLG_AsatOT3098_Ava_chr1A-406822_TSD	0.181	-0.0042201694927086	-0.0278940937214163
RLG_AsatOT3098_Ava_chr1C-462100_TSD	0.035	-0.00563418064864043	-0.0216060169007603
RLG_AsatOT3098_Ava_chr2A-101493_TSD	0.396	-0.00573096964515339	-0.0272381362981715
RLG_AsatOT3098_Ava_chr2A-120657_TSD	0.251	-0.00569566803276339	-0.0270319774371497
RLG_AsatOT3098_Ava_chr2A-120680_TSD	0.218	-0.00496524987933839	-0.0282209085720542
RLG_AsatOT3098_Ava_chr2A-121440_TSD	0.395	-0.00697012277821531	-0.0249497345831929
RLG_AsatOT3098_Ava_chr2A-131373_TSD	0.143	-0.00802611110282674	-0.0247126612953719
RLG_AsatOT3098_Ava_chr2A-150337_TSD	0.178	-0.0081277227563874	-0.0242701728802996
RLG_AsatOT3098_Ava_chr2A-152070_TSD	0.287	-0.00753339941444865	-0.0221631515091563
RLG_AsatOT3098_Ava_chr2A-153076_TSD	0.215	-0.00736403282344683	-0.0256253918690722
RLG_AsatOT3098_Ava_chr2A-153140_TSD	0.432	-0.00783479277004718	-0.0246705244903965
RLG_AsatOT3098_Ava_chr2A-153224_TSD	0.107	-0.00746903249210853	-0.0252559393285955
RLG_AsatOT3098_Ava_chr2A-153758_TSD	0.397	-0.00296447427955049	-0.0247333538863106
RLG_AsatOT3098_Ava_chr2A-153881_TSD	0.179	-0.00452028524773053	-0.025594662551987
RLG_AsatOT3098_Ava_chr2A-154024_TSD	0.143	-0.00567409037844971	-0.0275156025881733
RLG_AsatOT3098_Ava_chr2A-154051_TSD	0.396	-0.00486867572622923	-0.0265792710963447
RLG_AsatOT3098_Ava_chr2A-154172_TSD	0.433	-0.00660689751690726	-0.0253990768401671
RLG_AsatOT3098_Ava_chr2A-154271_TSD	0.107	-0.00504824633348425	-0.0275390356227018
RLG_AsatOT3098_Ava_chr2A-154455_TSD	1.466	-0.00741738466966561	-0.0246928502907442
RLG_AsatOT3098_Ava_chr2A-154772_TSD	0.256	-0.00502312080330937	-0.0253381222692838
RLG_AsatOT3098_Ava_chr2A-154838_TSD	0.036	-0.00864522672133881	-0.0250331492719347
RLG_AsatOT3098_Ava_chr2A-154884_TSD	0.215	-0.00458403146628666	-0.0264850718084327
RLG_AsatOT3098_Ava_chr2A-154941_TSD	0.365	-0.00491481933042141	-0.0264773708434299
RLG_AsatOT3098_Ava_chr2A-155061_TSD	0.396	-0.00505182338792028	-0.0273974362424302
RLG_AsatOT3098_Ava_chr2A-155180_TSD	0.214	-0.00683628281654335	-0.0248485324005028
RLG_AsatOT3098_Ava_chr2A-155264_TSD	0.251	-0.00373594912616079	-0.0266476075539402
RLG_AsatOT3098_Ava_chr2A-155290_TSD	0.142	-0.00512528588606608	-0.0276341418657683
RLG_AsatOT3098_Ava_chr2A-155349_TSD	0.324	-0.00398759605242564	-0.0273720767614081
RLG_AsatOT3098_Ava_chr2A-155443_TSD	0.287	-0.00429296071856999	-0.0256896558447381
RLG_AsatOT3098_Ava_chr2A-155840_TSD	0.224	-0.00476856249953307	-0.0291359152364105
RLG_AsatOT3098_Ava_chr2A-155896_TSD	0.36	-0.00446371634260316	-0.030368371873782
RLG_AsatOT3098_Ava_chr2A-155957_TSD	0.541	-0.00424129398763974	-0.0274466479485846
RLG_AsatOT3098_Ava_chr2A-155999_TSD	0.323	-0.00151982809137358	-0.0251222399339676
RLG_AsatOT3098_Ava_chr2A-156016_TSD	0.179	-0.00500658515599573	-0.0283344999380254
RLG_AsatOT3098_Ava_chr2A-156148_TSD	0.182	-0.00310718097927992	-0.0261446421689319
RLG_AsatOT3098_Ava_chr2A-156201_TSD	0.179	-0.00461552156325227	-0.0276961236579129
RLG_AsatOT3098_Ava_chr2A-156257_TSD	0.253	-0.00468648331391456	-0.0302348782190958
RLG_AsatOT3098_Ava_chr2A-156322_TSD	0.287	-0.00423214137861365	-0.0277115097755613
RLG_AsatOT3098_Ava_chr2A-156397_TSD	0.251	-0.00273450487892223	-0.0254183191358479
RLG_AsatOT3098_Ava_chr2A-156428_TSD	0.179	-0.00439906931099838	-0.0269988030650496
RLG_AsatOT3098_Ava_chr2A-156588_TSD	0.182	-0.00406678896571613	-0.029099418912938
RLG_AsatOT3098_Ava_chr2A-156650_TSD	0.143	-0.00466338194593866	-0.0278271214149751
RLG_AsatOT3098_Ava_chr2A-156760_TSD	0.358	-0.00451598274738635	-0.0271599345680603
RLG_AsatOT3098_Ava_chr2A-157333_TSD	0.323	-0.00439229526039872	-0.0272241568908582
RLG_AsatOT3098_Ava_chr2A-157356_TSD	0.255	-0.00236806175189314	-0.0263259195348517
RLG_AsatOT3098_Ava_chr2A-157383_TSD	0.035	-0.0046658234992106	-0.0277796949055058
RLG_AsatOT3098_Ava_chr2A-157497_TSD	0.143	-0.00525107066528042	-0.026596696736324
RLG_AsatOT3098_Ava_chr2A-157571_TSD	0.035	-0.00375978164168202	-0.0266309996003084
RLG_AsatOT3098_Ava_chr2A-157616_TSD	0.324	-0.00436914852817653	-0.0276202969088385
RLG_AsatOT3098_Ava_chr2A-157641_TSD	0.251	-0.00297845879516368	-0.0251486853948609
RLG_AsatOT3098_Ava_chr2A-157719_TSD	0.107	-0.00479451445582892	-0.0277562678500556
RLG_AsatOT3098_Ava_chr2A-158011_TSD	0.179	-0.003964608455276	-0.0277704295661509
RLG_AsatOT3098_Ava_chr2A-158242_TSD	0.143	-0.00467081699641143	-0.0276532182246764
RLG_AsatOT3098_Ava_chr2A-158299_TSD	0.525	-0.00453515676799553	-0.0279560552728088
RLG_AsatOT3098_Ava_chr2A-158621_TSD	0.215	-0.00341485864710444	-0.0260949807060736
RLG_AsatOT3098_Ava_chr2A-159134_TSD	0.181	-0.00358831173773268	-0.0271367224609712
RLG_AsatOT3098_Ava_chr2A-176159_TSD	0.396	-0.00440561442145261	-0.0272980487521526
RLG_AsatOT3098_Ava_chr2A-360544_TSD	0.035	-0.00773935299194524	-0.0243098726156876
RLG_AsatOT3098_Ava_chr2A-422546_TSD	0.147	-0.00322341326850654	-0.0270330576423967
RLG_AsatOT3098_Ava_chr3A-054109_TSD	0.107	-0.0060062713452887	-0.0302503237190296
RLG_AsatOT3098_Ava_chr3A-112061_TSD	0.329	-0.00338299574818452	-0.0292305004291096
RLG_AsatOT3098_Ava_chr3A-187149_TSD	0.181	-0.00507269190606062	-0.0286848629222775
RLG_AsatOT3098_Ava_chr3A-235603_TSD	0.179	-0.00569020937860436	-0.0280558359524424
RLG_AsatOT3098_Ava_chr3A-235923_TSD	0.181	-0.00504235867895862	-0.0273712012203826
RLG_AsatOT3098_Ava_chr3A-235996_TSD	0.437	-0.00503007158967049	-0.029306950416966
RLG_AsatOT3098_Ava_chr3A-236026_TSD	0.071	-0.0023498858735736	-0.0271923806752491
RLG_AsatOT3098_Ava_chr3A-236060_TSD	0.071	-0.00455803363373586	-0.0307521089897477
RLG_AsatOT3098_Ava_chr3A-236154_TSD	0.036	-0.0051065770418089	-0.0302019038081347
RLG_AsatOT3098_Ava_chr3A-236332_TSD	0.286	-0.00501552827749603	-0.0292729330828397
RLG_AsatOT3098_Ava_chr3A-236469_TSD	0	-0.00511875820983361	-0.0288735734148931
RLG_AsatOT3098_Ava_chr3A-236496_TSD	0.107	-0.00487925138669946	-0.0301226648962608
RLG_AsatOT3098_Ava_chr3A-236522_TSD	0.25	-0.00383972910734092	-0.0291128356526516
RLG_AsatOT3098_Ava_chr3A-236597_TSD	0.143	-0.00434934179991968	-0.0311042755932066
RLG_AsatOT3098_Ava_chr3A-236625_TSD	0.287	-0.00374666088647852	-0.0268372059969686
RLG_AsatOT3098_Ava_chr3A-236807_TSD	0.323	-0.00525953774887124	-0.030243058267512
RLG_AsatOT3098_Ava_chr3A-236825_TSD	0.215	-0.00597899368071044	-0.0287146178149803
RLG_AsatOT3098_Ava_chr3A-237014_TSD	0.287	-0.00514811641297797	-0.0311567834494585
RLG_AsatOT3098_Ava_chr3A-237049_TSD	0.214	-0.00437234679290634	-0.0293696834714131
RLG_AsatOT3098_Ava_chr3A-237088_TSD	0.214	-0.00669377123044787	-0.0236565602019212
RLG_AsatOT3098_Ava_chr3A-237322_TSD	0.179	-0.00418513117029557	-0.0275386234466809
RLG_AsatOT3098_Ava_chr3A-237380_TSD	0.107	-0.0040358053845069	-0.0292954420136991
RLG_AsatOT3098_Ava_chr3A-237558_TSD	0.146	-0.00511031976673424	-0.0294841317730259
RLG_AsatOT3098_Ava_chr3A-237659_TSD	0.286	-0.00482784241673131	-0.0258475069672048
RLG_AsatOT3098_Ava_chr3A-237672_TSD	0.142	-0.00411937179521493	-0.0281641785875921
RLG_AsatOT3098_Ava_chr3A-237749_TSD	0.363	-0.00467386403459007	-0.0282286900938512
RLG_AsatOT3098_Ava_chr3A-237838_TSD	0.614	-0.0046838941840794	-0.0286796295482842
RLG_AsatOT3098_Ava_chr3A-237953_TSD	1.432	-0.00393251426502542	-0.0254822915715383
RLG_AsatOT3098_Ava_chr3A-237992_TSD	0.511	-0.00254634330101761	-0.0276681279037582
RLG_AsatOT3098_Ava_chr3A-238126_TSD	0.252	-0.0053227257436044	-0.0318273877041539
RLG_AsatOT3098_Ava_chr3A-238398_TSD	0.143	-0.004445564998128	-0.0300873253131455
RLG_AsatOT3098_Ava_chr3A-238495_TSD	0.108	-0.00436591230413715	-0.0301349735279388
RLG_AsatOT3098_Ava_chr3A-238728_TSD	1.89	-0.00333207107622763	-0.0270349295083636
RLG_AsatOT3098_Ava_chr3A-238793_TSD	0.256	-0.00608480645947894	-0.0288916238711491
RLG_AsatOT3098_Ava_chr3A-238803_TSD	0.15	-0.00500360723867572	-0.0307726283328582
RLG_AsatOT3098_Ava_chr3A-238831_TSD	0.432	-0.00522906510865923	-0.0285418103008248
RLG_AsatOT3098_Ava_chr3A-239032_TSD	0.553	-0.00478748710665786	-0.0279783364916572
RLG_AsatOT3098_Ava_chr3A-239040_TSD	0.035	-0.00323076593751471	-0.0281395368340813
RLG_AsatOT3098_Ava_chr3A-239109_TSD	0.215	-0.0047960562254492	-0.0292693736038791
RLG_AsatOT3098_Ava_chr3A-239159_TSD	0.323	-0.00486645512282822	-0.0288723618786696
RLG_AsatOT3098_Ava_chr3A-239334_TSD	0.215	-0.00676872955305403	-0.0247947038231693
RLG_AsatOT3098_Ava_chr3A-239352_TSD	0.179	-0.00558563919909654	-0.0298058820185285
RLG_AsatOT3098_Ava_chr3A-239429_TSD	0.251	-0.00449523421495961	-0.0305448357078459
RLG_AsatOT3098_Ava_chr3A-239498_TSD	0.179	-0.0058076895157563	-0.0309994902068716
RLG_AsatOT3098_Ava_chr3A-239534_TSD	0.251	-0.00490514294387162	-0.0282426782824945
RLG_AsatOT3098_Ava_chr3A-239591_TSD	0.179	-0.00764938079249148	-0.0237445891382992
RLG_AsatOT3098_Ava_chr3A-239643_TSD	1.216	-0.00413816035451242	-0.0275019952033445
RLG_AsatOT3098_Ava_chr3A-239656_TSD	0.323	-0.0026782668634766	-0.0268303503027351
RLG_AsatOT3098_Ava_chr3A-239717_TSD	0.179	-0.00461508811634633	-0.0291203503183861
RLG_AsatOT3098_Ava_chr3A-239866_TSD	0.107	-0.00490040854558524	-0.0290694062380193
RLG_AsatOT3098_Ava_chr3A-239879_TSD	0.143	-0.00439889888434061	-0.0295936565258523
RLG_AsatOT3098_Ava_chr3A-239917_TSD	0.179	-0.00475799632584809	-0.0279869020845424
RLG_AsatOT3098_Ava_chr3A-240084_TSD	0.523	-0.00555653732842616	-0.0301160332181112
RLG_AsatOT3098_Ava_chr3A-240209_TSD	0.107	-0.00244116028629829	-0.0278540141051028
RLG_AsatOT3098_Ava_chr3A-240257_TSD	0.44	-0.00755714234551308	-0.0247953024682516
RLG_AsatOT3098_Ava_chr3A-240273_TSD	0.179	-0.00476166639714503	-0.0278660604219242
RLG_AsatOT3098_Ava_chr3A-240310_TSD	0.143	-0.00550102889366699	-0.0245408082049682
RLG_AsatOT3098_Ava_chr3A-240343_TSD	0.071	-0.00248460110804561	-0.0278388990315974
RLG_AsatOT3098_Ava_chr3A-240401_TSD	0.44	-0.007521047096996	-0.0247891152724768
RLG_AsatOT3098_Ava_chr3A-240409_TSD	0.553	-0.00662189085328468	-0.0270041066110312
RLG_AsatOT3098_Ava_chr3A-240446_TSD	0.143	-0.00544122852329285	-0.0236339609053085
RLG_AsatOT3098_Ava_chr3A-240492_TSD	0.323	-0.0055713796819951	-0.0301135756198929
RLG_AsatOT3098_Ava_chr3A-240596_TSD	0.143	-0.00410310007588971	-0.025757347747299
RLG_AsatOT3098_Ava_chr3A-240643_TSD	1.211	-0.00506094427430011	-0.0304314083368365
RLG_AsatOT3098_Ava_chr3A-240656_TSD	0.184	-0.00298560968414992	-0.0284211072479907
RLG_AsatOT3098_Ava_chr3A-240756_TSD	0.358	-0.00369549983154773	-0.0264056444258785
RLG_AsatOT3098_Ava_chr3A-240775_TSD	0.287	-0.0036927222207097	-0.0277525715660316
RLG_AsatOT3098_Ava_chr3A-240872_TSD	0.179	-0.00680587228303301	-0.0245298334539083
RLG_AsatOT3098_Ava_chr3A-241040_TSD	0.287	-0.00851657188267414	-0.0255484284200312
RLG_AsatOT3098_Ava_chr3A-241136_TSD	0.433	-0.00477149089991257	-0.03098264365234
RLG_AsatOT3098_Ava_chr3A-241207_TSD	0.395	-0.00499146459529533	-0.0302797477895211
RLG_AsatOT3098_Ava_chr3A-241291_TSD	0.214	-0.00596393923718878	-0.0306299403610492
RLG_AsatOT3098_Ava_chr3A-241373_TSD	0.834	-0.00546234469578217	-0.0305167346589973
RLG_AsatOT3098_Ava_chr3A-241418_TSD	0.727	-0.00336137719166678	-0.0294979466977963
RLG_AsatOT3098_Ava_chr3A-241520_TSD	0.223	-0.00460207785995571	-0.0308313294764157
RLG_AsatOT3098_Ava_chr3A-241556_TSD	0.578	-0.00502563972353557	-0.0302819447967342
RLG_AsatOT3098_Ava_chr3A-241579_TSD	0.325	-0.00586802740092542	-0.0299505401796187
RLG_AsatOT3098_Ava_chr3A-241706_TSD	0.287	-0.00405951548603733	-0.024498592975997
RLG_AsatOT3098_Ava_chr3A-241823_TSD	0.071	-0.00275818917549716	-0.0279102518169895
RLG_AsatOT3098_Ava_chr3A-241946_TSD	0.33	-0.00541770521968401	-0.0304347112213955
RLG_AsatOT3098_Ava_chr3A-241982_TSD	0.294	-0.00560206041458205	-0.0301238204997566
RLG_AsatOT3098_Ava_chr3A-242005_TSD	0.287	-0.00519833784435481	-0.031421157413938
RLG_AsatOT3098_Ava_chr3A-242043_TSD	0.035	-0.0056909257066881	-0.0239838952065061
RLG_AsatOT3098_Ava_chr3A-242449_TSD	0.726	-0.00202401499094207	-0.0269010810759962
RLG_AsatOT3098_Ava_chr3A-242995_TSD	0.251	-0.00436776048759966	-0.0254491516037481
RLG_AsatOT3098_Ava_chr3A-243166_TSD	0.107	-0.00520429203183365	-0.031182441671199
RLG_AsatOT3098_Ava_chr3A-256192_TSD	0.179	-0.00380847309464334	-0.0279055142530242
RLG_AsatOT3098_Ava_chr3A-260886_TSD	0.071	-0.00474251832633284	-0.029814546583062
RLG_AsatOT3098_Ava_chr3A-315522_TSD	0.179	-0.0077205059045055	-0.0262913399057559
RLG_AsatOT3098_Ava_chr3A-389811_TSD	0.215	-0.00338762852144968	-0.0274551080575502
RLG_AsatOT3098_Ava_chr3D-054416_TSD	0.071	-0.00337490960814877	-0.027325349646231
RLG_AsatOT3098_Ava_chr4A-103898_TSD	0.468	-0.00553476408629553	-0.0258679657871448
RLG_AsatOT3098_Ava_chr4A-114341_TSD	0.36	-0.00752052190864917	-0.025323071342824
RLG_AsatOT3098_Ava_chr4A-117835_TSD	0.215	-0.0052600606805162	-0.0253130188988788
RLG_AsatOT3098_Ava_chr4A-118108_TSD	0.255	-0.00538620691618405	-0.0249455236954229
RLG_AsatOT3098_Ava_chr4A-118726_TSD	0.724	-0.00360180927728273	-0.0290795157010438
RLG_AsatOT3098_Ava_chr4A-118776_TSD	0.214	-0.00724173845001166	-0.0241028682737825
RLG_AsatOT3098_Ava_chr4A-119091_TSD	0.179	-0.00418000598838025	-0.026959770326596
RLG_AsatOT3098_Ava_chr4A-119124_TSD	0.146	-0.00454207253824777	-0.0257533932480862
RLG_AsatOT3098_Ava_chr4A-119152_TSD	0.107	-0.00526632663736996	-0.0263041773004671
RLG_AsatOT3098_Ava_chr4A-119171_TSD	0.179	-0.00649155275665053	-0.0245345815601838
RLG_AsatOT3098_Ava_chr4A-119418_TSD	0.287	-0.00363443068272874	-0.02938047783478
RLG_AsatOT3098_Ava_chr4A-119436_TSD	0.287	-0.0036188785059525	-0.0292183326132581
RLG_AsatOT3098_Ava_chr4A-119528_TSD	0.142	-0.00812103592627476	-0.0264068896768188
RLG_AsatOT3098_Ava_chr4A-119586_TSD	0.985	-0.00222702759884775	-0.0274734487008977
RLG_AsatOT3098_Ava_chr4A-119636_TSD	0.287	-0.00459138359292553	-0.0261817917125951
RLG_AsatOT3098_Ava_chr4A-119647_TSD	1.622	-0.00472121634451741	-0.0226722809932379
RLG_AsatOT3098_Ava_chr4A-119665_TSD	0.108	-0.0054615563186324	-0.0250393797114808
RLG_AsatOT3098_Ava_chr4A-119696_TSD	0.432	-0.00821952358794976	-0.0238031077653095
RLG_AsatOT3098_Ava_chr4A-119734_TSD	0.179	-0.00676491402043768	-0.0244193902363971
RLG_AsatOT3098_Ava_chr4A-119997_TSD	0.251	-0.00771094160923556	-0.0241929076386055
RLG_AsatOT3098_Ava_chr4A-120008_TSD	0.221	-0.00801144476713032	-0.0231216498685245
RLG_AsatOT3098_Ava_chr4A-120058_TSD	0.179	-0.00394007174187064	-0.0270592766796284
RLG_AsatOT3098_Ava_chr4A-120102_TSD	0.358	-0.00479894823964813	-0.0261613751635436
RLG_AsatOT3098_Ava_chr4A-120119_TSD	0.323	-0.00719211953318438	-0.0237959517988919
RLG_AsatOT3098_Ava_chr4A-120193_TSD	0.359	-0.0055160448590573	-0.0262210882281565
RLG_AsatOT3098_Ava_chr4A-120227_TSD	0.143	-0.00485079457992268	-0.0238755995669209
RLG_AsatOT3098_Ava_chr4A-120373_TSD	0.179	-0.00667333855343206	-0.0244635811296809
RLG_AsatOT3098_Ava_chr4A-120394_TSD	0.324	-0.00523909261628352	-0.0263771722334097
RLG_AsatOT3098_Ava_chr4A-120487_TSD	0.289	-0.0038168419449975	-0.0273834915900287
RLG_AsatOT3098_Ava_chr4A-120498_TSD	0.107	-0.00760906493940111	-0.0244293956961866
RLG_AsatOT3098_Ava_chr4A-120638_TSD	1.022	-0.00406501741223872	-0.0278256022377059
RLG_AsatOT3098_Ava_chr4A-120690_TSD	0.179	-0.00496725779102472	-0.0262490960039877
RLG_AsatOT3098_Ava_chr4A-120714_TSD	0.543	-0.00333222332066218	-0.0272442726805861
RLG_AsatOT3098_Ava_chr4A-120807_TSD	0.107	-0.00663438187739732	-0.0250852881094625
RLG_AsatOT3098_Ava_chr4A-120832_TSD	0.143	-0.00476822232628502	-0.0299696249397373
RLG_AsatOT3098_Ava_chr4A-120973_TSD	0.036	-0.0061316065040912	-0.0233465602727337
RLG_AsatOT3098_Ava_chr4A-121045_TSD	0.254	-0.00652982283674686	-0.0240302840830154
RLG_AsatOT3098_Ava_chr4A-121078_TSD	0.25	-0.00351241605305434	-0.0297452465328918
RLG_AsatOT3098_Ava_chr4A-121111_TSD	0.366	-0.00668522758192552	-0.0239834372427159
RLG_AsatOT3098_Ava_chr4A-121223_TSD	0.179	-0.00686791827817892	-0.0248901056892704
RLG_AsatOT3098_Ava_chr4A-121286_TSD	0.179	-0.00790697239268111	-0.024898528668538
RLG_AsatOT3098_Ava_chr4A-121397_TSD	0.143	-0.00546897067546119	-0.0281356959696658
RLG_AsatOT3098_Ava_chr4A-121608_TSD	0.107	-0.00559169888133663	-0.0265271799631885
RLG_AsatOT3098_Ava_chr4A-121644_TSD	0.254	-0.00468795635086173	-0.0281274079337257
RLG_AsatOT3098_Ava_chr4A-121671_TSD	0.179	-0.00343840491843206	-0.0298628194398871
RLG_AsatOT3098_Ava_chr4A-121843_TSD	0.071	-0.0045317655432931	-0.0285793594743182
RLG_AsatOT3098_Ava_chr4A-121861_TSD	0.287	-0.00497265264972769	-0.025716765225502
RLG_AsatOT3098_Ava_chr4A-121903_TSD	0.326	-0.00506516190940337	-0.0252195507797256
RLG_AsatOT3098_Ava_chr4A-121933_TSD	0.735	-0.00441850192866003	-0.0270038788612955
RLG_AsatOT3098_Ava_chr4A-121995_TSD	0.107	-0.0071060552632275	-0.0244623043404457
RLG_AsatOT3098_Ava_chr4A-122006_TSD	0.214	-0.00814062121605904	-0.025922320574981
RLG_AsatOT3098_Ava_chr4A-122092_TSD	0.216	-0.00496122391799796	-0.0264877015883606
RLG_AsatOT3098_Ava_chr4A-122135_TSD	0.143	-0.00628089554927393	-0.0246065441489797
RLG_AsatOT3098_Ava_chr4A-122165_TSD	0.214	-0.00637568006396032	-0.0251634328693622
RLG_AsatOT3098_Ava_chr4A-122196_TSD	0.179	-0.00290581788276899	-0.0238749553764234
RLG_AsatOT3098_Ava_chr4A-122223_TSD	0.108	-0.00522666536526977	-0.0272985710761324
RLG_AsatOT3098_Ava_chr4A-122268_TSD	0.359	-0.00774547031428902	-0.0244355714509663
RLG_AsatOT3098_Ava_chr4A-122371_TSD	0.143	-0.00522746082964199	-0.0275766139878456
RLG_AsatOT3098_Ava_chr4A-122435_TSD	0.366	-0.00396769963250477	-0.0304219130496187
RLG_AsatOT3098_Ava_chr4A-122454_TSD	0.179	-0.00328100005670574	-0.0289731794776035
RLG_AsatOT3098_Ava_chr4A-122600_TSD	0.286	-0.00454672368366414	-0.0264281698842093
RLG_AsatOT3098_Ava_chr4A-122709_TSD	0.216	-0.0049733923881665	-0.0300787167690038
RLG_AsatOT3098_Ava_chr4A-122875_TSD	0.035	-0.00484215459332691	-0.0264224650354324
RLG_AsatOT3098_Ava_chr4A-122921_TSD	0.293	-0.00492482459151191	-0.0266002502637551
RLG_AsatOT3098_Ava_chr4A-122990_TSD	0.147	-0.00468225813291869	-0.0303701894780495
RLG_AsatOT3098_Ava_chr4A-123040_TSD	0.073	-0.00831106432879099	-0.0260318156867541
RLG_AsatOT3098_Ava_chr4A-123053_TSD	0.179	-0.00557796938210357	-0.028737281371784
RLG_AsatOT3098_Ava_chr4A-123213_TSD	0.395	-0.00792052806579582	-0.0252690692167894
RLG_AsatOT3098_Ava_chr4A-123314_TSD	0.179	-0.00348912369338601	-0.0281867732311323
RLG_AsatOT3098_Ava_chr4A-123434_TSD	0.504	-0.00734031589241882	-0.0246603815585035
RLG_AsatOT3098_Ava_chr4A-123442_TSD	0.359	-0.0078546760610917	-0.0247673663491583
RLG_AsatOT3098_Ava_chr4A-123530_TSD	0.179	-0.00162102566301936	-0.025761776635034
RLG_AsatOT3098_Ava_chr4A-123647_TSD	0.287	-0.00454464352767801	-0.0252671798722058
RLG_AsatOT3098_Ava_chr4A-123669_TSD	0.183	-0.00466001453571966	-0.0306649637983348
RLG_AsatOT3098_Ava_chr4A-123845_TSD	0.143	-0.00470215793630199	-0.0256624753442075
RLG_AsatOT3098_Ava_chr4A-123908_TSD	0.251	-0.00525662805732908	-0.0262299152288494
RLG_AsatOT3098_Ava_chr4A-123939_TSD	0.217	-0.00748957975855887	-0.0252052297201687
RLG_AsatOT3098_Ava_chr4A-124082_TSD	0.219	-0.00247511905533269	-0.0238917226163641
RLG_AsatOT3098_Ava_chr4A-126563_TSD	0.179	-0.00468377367526192	-0.0296201381758978
RLG_AsatOT3098_Ava_chr4A-127573_TSD	0.287	-0.00503698231949616	-0.0265851322051768
RLG_AsatOT3098_Ava_chr4A-128122_TSD	0.218	-0.00666872358072137	-0.0250792254460186
RLG_AsatOT3098_Ava_chr4A-129029_TSD	0.469	-0.00266124149840463	-0.0230888542567692
RLG_AsatOT3098_Ava_chr4A-147758_TSD	0.287	-0.00407873010528102	-0.024234636771463
RLG_AsatOT3098_Ava_chr4A-161134_TSD	0.323	-0.00468201856771641	-0.0253023991226336
RLG_AsatOT3098_Ava_chr4A-175435_TSD	0.469	-0.0030785707288258	-0.0253350844555287
RLG_AsatOT3098_Ava_chr4A-181352_TSD	0.25	-0.00411590822533124	-0.0259397990253406
RLG_AsatOT3098_Ava_chr4A-214901_TSD	0.179	-0.00444434674355704	-0.0291536384428928
RLG_AsatOT3098_Ava_chr4A-248168_TSD	0.107	-0.00577042594728753	-0.0275002254083397
RLG_AsatOT3098_Ava_chr4A-404196_TSD	0.218	-0.00510612927654269	-0.027655918491765
RLG_AsatOT3098_Ava_chr4A-407892_TSD	0.215	-0.00499805994531362	-0.031736579564533
RLG_AsatOT3098_Ava_chr4C-015612_TSD	0.107	-0.00444303480070402	-0.0287920236546918
RLG_AsatOT3098_Ava_chr5A-018636_TSD	0.251	-0.00264727684474302	-0.0252289654212386
RLG_AsatOT3098_Ava_chr5A-041378_TSD	0.214	-0.004942137884223	-0.028714827565704
RLG_AsatOT3098_Ava_chr5A-041766_TSD	0.179	-0.00328376722237433	-0.0277934940640923
RLG_AsatOT3098_Ava_chr5A-058334_TSD	0.107	-0.00501153581984117	-0.0296435533393395
RLG_AsatOT3098_Ava_chr5A-205544_TSD	0.22	-0.00412898310191155	-0.0302157473413237
RLG_AsatOT3098_Ava_chr5A-214678_TSD	0.145	-0.0046669413929189	-0.0264291260211429
RLG_AsatOT3098_Ava_chr5A-214853_TSD	0.361	-0.00393083358791375	-0.0244344014183481
RLG_AsatOT3098_Ava_chr5A-215339_TSD	0.178	-0.00351682978118167	-0.0294539891295321
RLG_AsatOT3098_Ava_chr5A-215404_TSD	0.147	-0.00553403830892389	-0.0270647348596061
RLG_AsatOT3098_Ava_chr5A-215571_TSD	0.179	-0.0049310870892983	-0.0265687681893276
RLG_AsatOT3098_Ava_chr5A-215604_TSD	0.251	-0.00447289706276936	-0.0270254255435965
RLG_AsatOT3098_Ava_chr5A-215660_TSD	0.186	-0.00350043808366072	-0.0251277333233273
RLG_AsatOT3098_Ava_chr5A-216002_TSD	0.395	-0.00494458675863912	-0.0260633561644295
RLG_AsatOT3098_Ava_chr5A-216144_TSD	0.179	-0.00474283070433977	-0.0268039289422426
RLG_AsatOT3098_Ava_chr5A-216489_TSD	0.323	-0.00484486803507977	-0.0258278223106701
RLG_AsatOT3098_Ava_chr5A-216602_TSD	0.214	-0.00479107027443907	-0.0302912318878314
RLG_AsatOT3098_Ava_chr5A-216699_TSD	0.251	-0.00348973956165306	-0.0253408041705088
RLG_AsatOT3098_Ava_chr5A-216873_TSD	0.218	-0.00425082976609262	-0.0268750083368454
RLG_AsatOT3098_Ava_chr5A-217007_TSD	0.394	-0.00370915172797381	-0.029454556466802
RLG_AsatOT3098_Ava_chr5A-217030_TSD	0.215	-0.00264419677252247	-0.0270355528573398
RLG_AsatOT3098_Ava_chr5A-217111_TSD	0.651	-0.00178948433298117	-0.0273345439915008
RLG_AsatOT3098_Ava_chr5A-217417_TSD	0.215	-0.00461961282869442	-0.0269018106802417
RLG_AsatOT3098_Ava_chr5A-217424_TSD	0.071	-0.00478972688271912	-0.0280244762606146
RLG_AsatOT3098_Ava_chr5A-217444_TSD	0.286	-0.00483706609352939	-0.0274158494992907
RLG_AsatOT3098_Ava_chr5A-217736_TSD	0.358	-0.00401083341959834	-0.0290168994474976
RLG_AsatOT3098_Ava_chr5A-217975_TSD	0.251	-0.0052196043763348	-0.0263003963929759
RLG_AsatOT3098_Ava_chr5A-218072_TSD	0.947	-0.0045490483236465	-0.0281868940204342
RLG_AsatOT3098_Ava_chr5A-218105_TSD	0.179	-0.00514790584696505	-0.0297333351647328
RLG_AsatOT3098_Ava_chr5A-218125_TSD	0.505	-0.0041924559406316	-0.0289090349267471
RLG_AsatOT3098_Ava_chr5A-218146_TSD	0.144	-0.00661207529815059	-0.0246795392257178
RLG_AsatOT3098_Ava_chr5A-218369_TSD	0.143	-0.00399186419443949	-0.0288421303086511
RLG_AsatOT3098_Ava_chr5A-218448_TSD	0.251	-0.00463753915286197	-0.026477552559711
RLG_AsatOT3098_Ava_chr5A-218548_TSD	0.215	-0.00464152294650355	-0.0265329742578787
RLG_AsatOT3098_Ava_chr5A-218578_TSD	0.143	-0.00630770139827283	-0.0249228298734587
RLG_AsatOT3098_Ava_chr5A-218783_TSD	0.215	-0.00593704604229409	-0.0268123387178957
RLG_AsatOT3098_Ava_chr5A-218908_TSD	0.107	-0.00380476931233486	-0.0297630219148198
RLG_AsatOT3098_Ava_chr5A-219043_TSD	1.632	-0.00701337824976247	-0.0246009357822133
RLG_AsatOT3098_Ava_chr5A-219096_TSD	0.723	-0.00429363945067049	-0.0271541855086858
RLG_AsatOT3098_Ava_chr5A-219104_TSD	0	-0.00420338266213129	-0.0274946760788775
RLG_AsatOT3098_Ava_chr5A-219112_TSD	0.215	-0.00392554155606579	-0.0275989654940828
RLG_AsatOT3098_Ava_chr5A-219173_TSD	0.254	-0.00458855922022969	-0.0260765509391176
RLG_AsatOT3098_Ava_chr5A-219198_TSD	0.251	-0.00433106488717449	-0.02955920724908
RLG_AsatOT3098_Ava_chr5A-219258_TSD	0.25	-0.00386502607455375	-0.0282675518886833
RLG_AsatOT3098_Ava_chr5A-219315_TSD	0.073	-0.00645233237604187	-0.0247221194655153
RLG_AsatOT3098_Ava_chr5A-219590_TSD	0.107	-0.00398987640285298	-0.0297740503632284
RLG_AsatOT3098_Ava_chr5A-219612_TSD	0.286	-0.00464076633964501	-0.0254854944268351
RLG_AsatOT3098_Ava_chr5A-219719_TSD	0.215	-0.00395288157422658	-0.0296125277114864
RLG_AsatOT3098_Ava_chr5A-219732_TSD	0.44	-0.00430421598959729	-0.0305231405908859
RLG_AsatOT3098_Ava_chr5A-219849_TSD	0.107	-0.00275433699841521	-0.0281973457753219
RLG_AsatOT3098_Ava_chr5A-219909_TSD	0.395	-0.00565251553719843	-0.0247796987089085
RLG_AsatOT3098_Ava_chr5A-220022_TSD	0.215	-0.0046786537982576	-0.0272184106110224
RLG_AsatOT3098_Ava_chr5A-220112_TSD	0.36	-0.00439313392151469	-0.029883096431929
RLG_AsatOT3098_Ava_chr5A-220425_TSD	0.182	-0.00472275357044498	-0.0267854429446858
RLG_AsatOT3098_Ava_chr5A-220628_TSD	0.255	-0.00336527800299087	-0.026873392091223
RLG_AsatOT3098_Ava_chr5A-220854_TSD	0.25	-0.00206527896564678	-0.0282747372964476
RLG_AsatOT3098_Ava_chr5A-220985_TSD	0.179	-0.00560544951554744	-0.0272487223304622
RLG_AsatOT3098_Ava_chr5A-221073_TSD	0.107	-0.00355599146184805	-0.0291282192912704
RLG_AsatOT3098_Ava_chr5A-221186_TSD	0.288	-0.0068471781550954	-0.0252173885665601
RLG_AsatOT3098_Ava_chr5A-221528_TSD	0.143	-0.00636493703959701	-0.0241335930570757
RLG_AsatOT3098_Ava_chr5A-221611_TSD	0.106	-0.00343715214831722	-0.0294992130464328
RLG_AsatOT3098_Ava_chr5A-221695_TSD	0.287	-0.00514756558140841	-0.0249089229673847
RLG_AsatOT3098_Ava_chr5A-221715_TSD	0.432	-0.0039786523648278	-0.0301300851569358
RLG_AsatOT3098_Ava_chr5A-222322_TSD	0.251	-0.00285232123400451	-0.0259588326067395
RLG_AsatOT3098_Ava_chr5A-234249_TSD	0.251	-0.00485394849900948	-0.0235572084765917
RLG_AsatOT3098_Ava_chr5A-336791_TSD	0.181	-0.00598060359979276	-0.029630737963571
RLG_AsatOT3098_Ava_chr5A-397835_TSD	0.394	-0.00534531413612609	-0.0270715825738056
RLG_AsatOT3098_Ava_chr5A-410160_TSD	0.215	-0.00495379330163654	-0.0271069945780345
RLG_AsatOT3098_Ava_chr5A-420410_TSD	0.254	-0.0036775858318546	-0.0286458756017182
RLG_AsatOT3098_Ava_chr5A-469846_TSD	0.252	-0.00527225184833172	-0.0297663259127863
RLG_AsatOT3098_Ava_chr6A-063124_TSD	0.107	-0.0040373370542745	-0.0295379579979296
RLG_AsatOT3098_Ava_chr6A-091116_TSD	0.107	-0.00679561228867284	-0.0255894932681752
RLG_AsatOT3098_Ava_chr6A-116016_TSD	0.433	-0.00505691855990607	-0.0276864814742536
RLG_AsatOT3098_Ava_chr6A-130851_TSD	0.145	-0.00561028154689103	-0.0289377866471557
RLG_AsatOT3098_Ava_chr6A-133946_TSD	0.323	-0.00421262508351441	-0.0301560418324776
RLG_AsatOT3098_Ava_chr6A-134304_TSD	0.359	-0.00479666181636732	-0.0286976033144776
RLG_AsatOT3098_Ava_chr6A-134615_TSD	0.323	-0.0035422589456827	-0.0300405057377847
RLG_AsatOT3098_Ava_chr6A-134906_TSD	0.214	-0.00449818952234099	-0.0299743898809682
RLG_AsatOT3098_Ava_chr6A-135017_TSD	0.143	-0.00654784456969673	-0.0249077049183699
RLG_AsatOT3098_Ava_chr6A-135028_TSD	0.218	-0.00651852872981514	-0.0277866610891995
RLG_AsatOT3098_Ava_chr6A-135048_TSD	0.107	-0.00376767738913605	-0.0264241701649375
RLG_AsatOT3098_Ava_chr6A-135097_TSD	0.107	-0.00647383843269601	-0.029712304932074
RLG_AsatOT3098_Ava_chr6A-135117_TSD	0.287	-0.00448607253414001	-0.0296900746052654
RLG_AsatOT3098_Ava_chr6A-135490_TSD	0.396	-0.00492081451882532	-0.0306703310174748
RLG_AsatOT3098_Ava_chr6A-135547_TSD	0.214	-0.00369632142939839	-0.0263459181285991
RLG_AsatOT3098_Ava_chr6A-135612_TSD	0.109	-0.005264035975517	-0.0271446856297425
RLG_AsatOT3098_Ava_chr6A-135736_TSD	0.179	-0.00509554278463661	-0.026332216676521
RLG_AsatOT3098_Ava_chr6A-135754_TSD	0.254	-0.00417428172902513	-0.0286288492752243
RLG_AsatOT3098_Ava_chr6A-135785_TSD	0.142	-0.00506339573394005	-0.0282146257822466
RLG_AsatOT3098_Ava_chr6A-135828_TSD	0.11	-0.00406358926998077	-0.0295722176042836
RLG_AsatOT3098_Ava_chr6A-135917_TSD	0.072	-0.00575432732230856	-0.0301427211155477
RLG_AsatOT3098_Ava_chr6A-135963_TSD	0.287	-0.00288059652375431	-0.0264822647336602
RLG_AsatOT3098_Ava_chr6A-135988_TSD	0.144	-0.00505043466903307	-0.0307878060184326
RLG_AsatOT3098_Ava_chr6A-136076_TSD	0.143	-0.00500066159505231	-0.0298999620184594
RLG_AsatOT3098_Ava_chr6A-136107_TSD	0.772	-0.00537458349823589	-0.0300816943440656
RLG_AsatOT3098_Ava_chr6A-136169_TSD	0.359	-0.005784087332973	-0.0296878905904108
RLG_AsatOT3098_Ava_chr6A-136192_TSD	0	-0.0026872819390527	-0.0299099939113934
RLG_AsatOT3098_Ava_chr6A-136331_TSD	0.182	-0.00367646681035465	-0.0271150230309125
RLG_AsatOT3098_Ava_chr6A-136561_TSD	0.214	-0.00512955917104417	-0.0291763227695468
RLG_AsatOT3098_Ava_chr6A-136588_TSD	0.142	-0.00399387212755837	-0.0301696581475206
RLG_AsatOT3098_Ava_chr6A-136743_TSD	0.179	-0.00554597511882942	-0.0291743999341568
RLG_AsatOT3098_Ava_chr6A-136798_TSD	0.625	-0.0058127884738102	-0.0301179030004886
RLG_AsatOT3098_Ava_chr6A-136827_TSD	0.291	-0.0055539695167568	-0.0291307481167493
RLG_AsatOT3098_Ava_chr6A-136852_TSD	0.218	-0.00644188557428984	-0.0308059785764455
RLG_AsatOT3098_Ava_chr6A-136872_TSD	0.541	-0.00549417467125447	-0.0279765946455167
RLG_AsatOT3098_Ava_chr6A-136931_TSD	0.179	-0.00340654735202665	-0.0264571385114629
RLG_AsatOT3098_Ava_chr6A-137012_TSD	0.179	-0.00502077185643316	-0.0313478122139595
RLG_AsatOT3098_Ava_chr6A-137216_TSD	0.143	-0.00425200111778667	-0.0262705136462772
RLG_AsatOT3098_Ava_chr6A-137237_TSD	0.183	-0.00486507280147243	-0.0285621336032566
RLG_AsatOT3098_Ava_chr6A-137311_TSD	0.107	-0.00473339987518642	-0.0300530928432779
RLG_AsatOT3098_Ava_chr6A-137422_TSD	0.214	-0.00537683123341476	-0.0292111392099523
RLG_AsatOT3098_Ava_chr6A-137453_TSD	0.18	-0.00431018754303062	-0.0296814140831198
RLG_AsatOT3098_Ava_chr6A-137501_TSD	0.396	-0.00429583021693761	-0.0297242099255344
RLG_AsatOT3098_Ava_chr6A-137524_TSD	0.485	-0.00646289042301918	-0.0248042698312558
RLG_AsatOT3098_Ava_chr6A-137559_TSD	0.179	-0.00416804153157685	-0.0274486512450209
RLG_AsatOT3098_Ava_chr6A-137635_TSD	0.144	-0.00544964591175077	-0.0312865888274961
RLG_AsatOT3098_Ava_chr6A-137716_TSD	0.143	-0.00501148765414041	-0.0278481248623854
RLG_AsatOT3098_Ava_chr6A-137856_TSD	0.251	-0.00502649564995561	-0.0277783197482661
RLG_AsatOT3098_Ava_chr6A-137958_TSD	0.215	-0.0052246770688427	-0.0311572775527296
RLG_AsatOT3098_Ava_chr6A-138048_TSD	0.179	-0.0049998578808023	-0.0303127508875762
RLG_AsatOT3098_Ava_chr6A-138126_TSD	0.109	-0.00402657526642737	-0.0301902825181031
RLG_AsatOT3098_Ava_chr6A-138202_TSD	0.218	-0.00162031424329133	-0.0233658934468114
RLG_AsatOT3098_Ava_chr6A-138229_TSD	0.071	-0.00300265137303967	-0.0297026699690783
RLG_AsatOT3098_Ava_chr6A-138270_TSD	0.143	-0.00537587836715317	-0.0290244062692951
RLG_AsatOT3098_Ava_chr6A-138281_TSD	0.145	-0.00470739353041403	-0.0271796257855991
RLG_AsatOT3098_Ava_chr6A-138301_TSD	1.151	-0.00586617022678521	-0.0266340432034827
RLG_AsatOT3098_Ava_chr6A-138330_TSD	0.26	-0.00552361938742256	-0.0305084987956705
RLG_AsatOT3098_Ava_chr6A-138357_TSD	0.072	-0.00428566025794438	-0.0295714237859509
RLG_AsatOT3098_Ava_chr6A-138490_TSD	0.179	-0.00363895279821056	-0.0297902484142474
RLG_AsatOT3098_Ava_chr6A-138520_TSD	0.178	-0.00455165937672873	-0.0302532060933305
RLG_AsatOT3098_Ava_chr6A-138547_TSD	0.214	-0.00470719000893441	-0.0300864105499497
RLG_AsatOT3098_Ava_chr6A-138914_TSD	0.179	-0.00513356460881355	-0.0306775681990582
RLG_AsatOT3098_Ava_chr6A-139125_TSD	0.143	-0.00608187784101498	-0.0234169343219607
RLG_AsatOT3098_Ava_chr6A-139220_TSD	0.256	-0.00637317586296945	-0.0245932980569584
RLG_AsatOT3098_Ava_chr6A-139271_TSD	0.437	-0.0039842837595242	-0.0298839333941079
RLG_AsatOT3098_Ava_chr6A-139465_TSD	0.181	-0.00492127646258116	-0.0296130276060013
RLG_AsatOT3098_Ava_chr6A-139500_TSD	0.214	-0.00383974444013579	-0.0304088424906966
RLG_AsatOT3098_Ava_chr6A-139665_TSD	0.218	-0.00527333952984166	-0.0307607730251411
RLG_AsatOT3098_Ava_chr6A-139762_TSD	0.182	-0.00441348316877225	-0.0277173978533008
RLG_AsatOT3098_Ava_chr6A-139894_TSD	0.395	-0.00156607103812983	-0.0283037789090971
RLG_AsatOT3098_Ava_chr6A-139969_TSD	0.322	-0.004101890378706	-0.0303098407546669
RLG_AsatOT3098_Ava_chr6A-139996_TSD	0.035	-0.00514993277894319	-0.0304905753826378
RLG_AsatOT3098_Ava_chr6A-140075_TSD	0.218	-0.00459328858610199	-0.0291310369442213
RLG_AsatOT3098_Ava_chr6A-140128_TSD	0.179	-0.00572838795127294	-0.0311496464826419
RLG_AsatOT3098_Ava_chr6A-140265_TSD	0.214	-0.00519455835456051	-0.0306384531811037
RLG_AsatOT3098_Ava_chr6A-140294_TSD	0.323	-0.00411679053466323	-0.0291372913807756
RLG_AsatOT3098_Ava_chr6A-140321_TSD	0.287	-0.00493509465381401	-0.0304969811692294
RLG_AsatOT3098_Ava_chr6A-140355_TSD	0.286	-0.00548412561136582	-0.0288712502045489
RLG_AsatOT3098_Ava_chr6A-140366_TSD	0.107	-0.00453961545310822	-0.0278149007361455
RLG_AsatOT3098_Ava_chr6A-140385_TSD	0.395	-0.00429984333348821	-0.0271503160954696
RLG_AsatOT3098_Ava_chr6A-140420_TSD	0.323	-0.00514394286026104	-0.0301088635765676
RLG_AsatOT3098_Ava_chr6A-140442_TSD	0.397	-0.00372708704622394	-0.0249603129419604
RLG_AsatOT3098_Ava_chr6A-140473_TSD	0.287	-0.00546105587573743	-0.0314951575825987
RLG_AsatOT3098_Ava_chr6A-140498_TSD	0.251	-0.00324957486433288	-0.0268526443061847
RLG_AsatOT3098_Ava_chr6A-140539_TSD	0.107	-0.00447467400209104	-0.0280688609066489
RLG_AsatOT3098_Ava_chr6A-140653_TSD	0.359	-0.00559450964444428	-0.0316199472489778
RLG_AsatOT3098_Ava_chr6A-140681_TSD	0.25	-0.00433074768300332	-0.0285719992022101
RLG_AsatOT3098_Ava_chr6A-140838_TSD	0.251	-0.00488914375834849	-0.0310990484648972
RLG_AsatOT3098_Ava_chr6A-141041_TSD	0.144	-0.00479501975821678	-0.0273290724706066
RLG_AsatOT3098_Ava_chr6A-141157_TSD	0.359	-0.0053843945457647	-0.0311840492984775
RLG_AsatOT3098_Ava_chr6A-141357_TSD	0.107	-0.0053184280259386	-0.0297889543367788
RLG_AsatOT3098_Ava_chr6A-141558_TSD	0.286	-0.0053868062816343	-0.0289096475299771
RLG_AsatOT3098_Ava_chr6A-145082_TSD	0.214	-0.00550018556000127	-0.0278387366246534
RLG_AsatOT3098_Ava_chr6A-145509_TSD	0.359	-0.00419901900469273	-0.0293421405870832
RLG_AsatOT3098_Ava_chr6A-150330_TSD	0.144	-0.00542952922916924	-0.0310825264983172
RLG_AsatOT3098_Ava_chr6A-184590_TSD	0.577	-0.00428332609115818	-0.0267660270640648
RLG_AsatOT3098_Ava_chr6A-238907_TSD	0.325	-0.00469860024630828	-0.0261901694131472
RLG_AsatOT3098_Ava_chr6A-254974_TSD	0.143	-0.00474382267028196	-0.0277185753519996
RLG_AsatOT3098_Ava_chr6A-319683_TSD	0.323	-0.0032854776812807	-0.0273642412217548
RLG_AsatOT3098_Ava_chr6A-330100_TSD	0.109	-0.00446838113196321	-0.0299376758951626
RLG_AsatOT3098_Ava_chr6A-344792_TSD	0.071	-0.00529297390381347	-0.0302826275520901
RLG_AsatOT3098_Ava_chr6A-418684_TSD	0.364	-0.00476240122933206	-0.0267974658076079
RLG_AsatOT3098_Ava_chr7A-024911_TSD	0.143	-0.00404991716508615	-0.0293599833876554
RLG_AsatOT3098_Ava_chr7A-096976_TSD	0.145	-0.00527767206328768	-0.0287206286370692
RLG_AsatOT3098_Ava_chr7A-124117_TSD	0.179	-0.00561087724942882	-0.0294253043706348
RLG_AsatOT3098_Ava_chr7A-272723_TSD	0.254	-0.0053073554698938	-0.0306251217999453
RLG_AsatOT3098_Ava_chr7A-295495_TSD	0.218	-0.00590786370089634	-0.0259945605079656
RLG_AsatOT3098_Ava_chr7A-322444_TSD	0.181	-0.0047619490049886	-0.0284145655898693
RLG_AsatOT3098_Ava_chr7A-322521_TSD	0.359	-0.00459653749774688	-0.0289375021458875
RLG_AsatOT3098_Ava_chr7A-322961_TSD	0.506	-0.00410538746384795	-0.0238911381548971
RLG_AsatOT3098_Ava_chr7A-323086_TSD	0.359	-0.00369826919550947	-0.0250350842380626
RLG_AsatOT3098_Ava_chr7A-323119_TSD	0.432	-0.00503690856826143	-0.0313026906527859
RLG_AsatOT3098_Ava_chr7A-323277_TSD	0.287	-0.00320184049176618	-0.0246621338143477
RLG_AsatOT3098_Ava_chr7A-323366_TSD	0.286	-0.0046281332206659	-0.027123515479646
RLG_AsatOT3098_Ava_chr7A-323576_TSD	0.179	-0.00304381100007276	-0.027337106986837
RLG_AsatOT3098_Ava_chr7A-323969_TSD	0.035	-0.00442999074477741	-0.0289653603849828
RLG_AsatOT3098_Ava_chr7A-324045_TSD	0.215	-0.00446299015626148	-0.0253458595819973
RLG_AsatOT3098_Ava_chr7A-324290_TSD	0.179	-0.00322855968138567	-0.0281315131193606
RLG_AsatOT3098_Ava_chr7A-324746_TSD	0.178	-0.00383832984172431	-0.0276151666379594
RLG_AsatOT3098_Ava_chr7A-324757_TSD	0.107	-0.00513976635909813	-0.0283942106678343
RLG_AsatOT3098_Ava_chr7A-324911_TSD	0.468	-0.00450503842824152	-0.0268805978896855
RLG_AsatOT3098_Ava_chr7A-325087_TSD	0.405	-0.00446972706880562	-0.028116336037412
RLG_AsatOT3098_Ava_chr7A-325115_TSD	0.836	-0.00392770647486714	-0.0296297450231453
RLG_AsatOT3098_Ava_chr7A-325212_TSD	0.107	-0.00225375837171299	-0.0261060957734937
RLG_AsatOT3098_Ava_chr7A-325384_TSD	0.323	-0.00424292222466268	-0.0301764898491606
RLG_AsatOT3098_Ava_chr7A-325486_TSD	0.107	-0.00493107688791522	-0.030459230555649
RLG_AsatOT3098_Ava_chr7A-325573_TSD	0.183	-0.00455522151557735	-0.0290012211341025
RLG_AsatOT3098_Ava_chr7A-325632_TSD	0.107	-0.00461043206802695	-0.0290016578565627
RLG_AsatOT3098_Ava_chr7A-325736_TSD	0.287	-0.00557817119833282	-0.0262861970492945
RLG_AsatOT3098_Ava_chr7A-325790_TSD	0.25	-0.00449713448690008	-0.0298001604938098
RLG_AsatOT3098_Ava_chr7A-325989_TSD	0.144	-0.00540505256346286	-0.0293220951276889
RLG_AsatOT3098_Ava_chr7A-326014_TSD	0.073	-0.00451755125749255	-0.0289889772398486
RLG_AsatOT3098_Ava_chr7A-326213_TSD	0.323	-0.00305567514103879	-0.0267942201911081
RLG_AsatOT3098_Ava_chr7A-326223_TSD	0.58	-0.0050325649786009	-0.0243447088829758
RLG_AsatOT3098_Ava_chr7A-326300_TSD	0.36	-0.00458006529889318	-0.025828332212216
RLG_AsatOT3098_Ava_chr7A-326444_TSD	0.36	-0.00488838133469502	-0.0283375312649218
RLG_AsatOT3098_Ava_chr7A-326465_TSD	0.143	-0.00522363283693759	-0.0304296427624126
RLG_AsatOT3098_Ava_chr7A-326521_TSD	0.071	-0.00486342344098737	-0.0281717390163172
RLG_AsatOT3098_Ava_chr7A-326543_TSD	0.254	-0.00482740422999897	-0.0304851648683462
RLG_AsatOT3098_Ava_chr7A-326675_TSD	0.215	-0.00585643575449254	-0.0264648701264172
RLG_AsatOT3098_Ava_chr7A-326713_TSD	0.286	-0.0044767163406704	-0.0305680541244311
RLG_AsatOT3098_Ava_chr7A-326727_TSD	0.145	-0.00470941377727026	-0.0258325073587287
RLG_AsatOT3098_Ava_chr7A-326902_TSD	0.071	-0.00420863864926325	-0.0266640033607448
RLG_AsatOT3098_Ava_chr7A-326989_TSD	0.178	-0.00435853058227188	-0.0298856197924041
RLG_AsatOT3098_Ava_chr7A-327053_TSD	0.251	-0.00309223309155075	-0.0276476726879114
RLG_AsatOT3098_Ava_chr7A-327069_TSD	0.25	-0.00393837240501268	-0.0276033479685735
RLG_AsatOT3098_Ava_chr7A-327175_TSD	0.363	-0.00476550143400964	-0.0297923012538699
RLG_AsatOT3098_Ava_chr7A-327314_TSD	0.359	-0.00623100549604303	-0.0264871464970796
RLG_AsatOT3098_Ava_chr7A-327326_TSD	0.107	-0.00449623214650857	-0.0276863839859756
RLG_AsatOT3098_Ava_chr7A-327351_TSD	0.254	-0.00476362701023648	-0.0250608990421939
RLG_AsatOT3098_Ava_chr7A-327391_TSD	0.404	-0.00561797528489019	-0.0306331472604717
RLG_AsatOT3098_Ava_chr7A-327461_TSD	0.218	-0.00609064491749166	-0.0285084053562701
RLG_AsatOT3098_Ava_chr7A-327538_TSD	0.323	-0.00464945063204208	-0.0290153213832567
RLG_AsatOT3098_Ava_chr7A-327555_TSD	0.179	-0.00421812615059774	-0.0303643492407316
RLG_AsatOT3098_Ava_chr7A-327994_TSD	0.251	-0.00533622725944193	-0.0273237354237378
RLG_AsatOT3098_Ava_chr7A-328058_TSD	0.148	-0.00431227957918447	-0.0286094397886521
RLG_AsatOT3098_Ava_chr7A-328107_TSD	0.326	-0.00107416517743085	-0.0231395363866253
RLG_AsatOT3098_Ava_chr7A-328328_TSD	0.143	-0.00453452530477517	-0.0291793713221732
RLG_AsatOT3098_Ava_chr7A-328363_TSD	0.287	-0.00458832116150358	-0.0291191322130067
RLG_AsatOT3098_Ava_chr7A-328406_TSD	0.218	-0.00432999066683579	-0.0257853509124122
RLG_AsatOT3098_Ava_chr7A-329368_TSD	0.287	-0.00375731495103554	-0.0236087087530679
RLG_AsatOT3098_Ava_chr7A-329751_TSD	0.179	-0.00366089293916987	-0.0272702474911573
RLG_AsatOT3098_Ava_chr7A-330045_TSD	0.651	-0.0044045560397073	-0.0283278485528936
RLG_AsatOT3098_Ava_chr7A-336491_TSD	0.178	-0.00446766192377362	-0.0304780707778769
RLG_AsatOT3098_Ava_chr7A-437077_TSD	0.214	-0.00399974746901413	-0.0285504931548483
RLG_AsatOT3098_Ava_chr7A-454032_TSD	0.325	-0.00506696118659683	-0.0260924202735328
