RLG_AatlCC7277As_Ava_chr1A-234497_TSD	1.643	0.0387347158325541	0.0334077613918924
RLG_AatlCC7277As_Ava_chr1A-263921_TSD	2.221	0.0395962455389376	0.0331349569548687
RLG_AatlCC7277As_Ava_chr1A-308260_TSD	2.157	0.0422077330774216	0.0363136220422256
RLG_AatlCC7277As_Ava_chr1A-371461_TSD	1.443	0.0412111257035225	0.035421354435676
RLG_AatlCC7277As_Ava_chr2A-196790_TSD	1.804	0.0404094518132838	0.0336692193156141
RLG_AatlCC7277As_Ava_chr2A-199436_TSD	2.183	0.0407455539992302	0.0331092563434062
RLG_AatlCC7277As_Ava_chr2A-202169_TSD	2.191	0.0417786571580383	0.0337229394195604
RLG_AatlCC7277As_Ava_chr2A-211816_TSD	0.622	0.0410433349188697	0.0326027379524633
RLG_AatlCC7277As_Ava_chr3A-192348_TSD	2.193	0.0392251083668169	0.0328247393364494
RLG_AatlCC7277As_Ava_chr5A-243262_TSD	2.122	0.0409066794015899	0.0346575572156446
RLG_AatlCC7277As_Ava_chr5A-273601_TSD	1.97	0.0416504474474069	0.0371462996036486
RLG_AatlCC7277As_Ava_chr7A-269320_TSD	1.753	0.0397129503565657	0.0324638659068457
RLG_AatlCC7277As_Ava_chr7A-289988_TSD	1.584	0.0403475682073019	0.0334762465033637
RLG_AatlCC7277As_Ava_chr7A-298263_TSD	2.273	0.0388968774587029	0.0334745184445082
RLG_AinsBYU209_Ava_chr2D-167620_TSD	1.984	0.0403862067954778	0.0335120900371493
RLG_AinsBYU209_Ava_chr2D-172651_TSD	2.065	0.0395674327064174	0.0329321697030164
RLG_AinsBYU209_Ava_chr2D-176964_TSD	1.581	0.0404080215523217	0.033368814121819
RLG_AinsBYU209_Ava_chr2D-389700_TSD	1.288	0.0401139298837965	0.0362235603722349
RLG_AinsBYU209_Ava_chr3D-197211_TSD	2.173	0.0405616585867564	0.0336721891244442
RLG_AinsBYU209_Ava_chr3D-197234_TSD	1.954	0.039453648107305	0.0352042501798373
RLG_AinsBYU209_Ava_chr3D-197682_TSD	1.668	0.0393576192352265	0.0329311120455974
RLG_AinsBYU209_Ava_chr3D-280817_TSD	2.198	0.0403891305286729	0.0332131416152306
RLG_AinsBYU209_Ava_chr4C-069928_TSD	1.511	0.040886198638618	0.0362128821418988
RLG_AinsBYU209_Ava_chr4D-107879_TSD	2.228	0.0414321937283583	0.0377496789036072
RLG_AinsBYU209_Ava_chr4D-162448_TSD	1.212	0.0406155621558182	0.0331891866325776
RLG_AinsBYU209_Ava_chr4D-197414_TSD	2.063	0.0412823484515047	0.0352497061607646
RLG_AinsBYU209_Ava_chr4D-202377_TSD	2.013	0.0417029826684045	0.0377436275528742
RLG_AinsBYU209_Ava_chr5D-158636_TSD	2.141	0.040047050757538	0.0357011863887197
RLG_AinsBYU209_Ava_chr6D-249726_TSD	0.933	0.0390242790401759	0.0345303726082933
RLG_AinsBYU209_Ava_chr6D-341827_TSD	1.862	0.0395431340987653	0.0319799748341186
RLG_AinsBYU209_Ava_chr7D-087972_TSD	1.959	0.042257592457644	0.0359647262110619
RLG_AinsBYU209_Ava_chr7D-210146_TSD	1.289	0.0407909856444958	0.0335163061389948
RLG_AinsBYU209_Ava_chr7D-239718_TSD	0.949	0.0402782147000746	0.0340043213186896
RLG_AinsBYU209_Ava_chr7D-240791_TSD	2.157	0.0394001940354638	0.0322425654423355
RLG_AinsBYU209_Ava_chr7D-257806_TSD	1.761	0.0407159065766744	0.0348683515011714
RLG_AinsBYU209_Ava_chr7D-306356_TSD	2.031	0.0418291110555556	0.0361778469530032
RLG_AlonCN58138Al_Ava_chr1A-044164_TSD	1.608	0.039731293298475	0.0325610809987458
RLG_AlonCN58138Al_Ava_chr1A-243118_TSD	1.76	0.0387946605870594	0.0332900932055983
RLG_AlonCN58138Al_Ava_chr3A-258750_TSD	1.876	0.0383105826461836	0.0326194290148112
RLG_AlonCN58138Al_Ava_chr6A-301346_TSD	1.983	0.0409539327543022	0.0374411808377634
RLG_AlonCN58138Al_Ava_chr7A-303386_TSD	1.192	0.0401081317888081	0.0335205491929748
RLG_AlonCN58138Al_Ava_chr7A-480373_TSD	2.016	0.0390702830740871	0.0331911101087023
RLG_AsatOT3098_Ava_chr1A-218856_TSD	1.713	0.0418358133323197	0.0358896022023565
RLG_AsatOT3098_Ava_chr1D-139656_TSD	1.628	0.0420830551988488	0.0353482247439886
RLG_AsatOT3098_Ava_chr2A-143547_TSD	1.768	0.0408655126204122	0.0338596775960573
RLG_AsatOT3098_Ava_chr2A-147244_TSD	1.71	0.0402925597102227	0.0338687904402064
RLG_AsatOT3098_Ava_chr2A-161312_TSD	1.529	0.0392890303489751	0.0337761545764954
RLG_AsatOT3098_Ava_chr2D-177317_TSD	1.368	0.0408705837480465	0.0376508976018885
RLG_AsatOT3098_Ava_chr2D-357490_TSD	1.75	0.0404218679801756	0.0338937310961426
RLG_AsatOT3098_Ava_chr2D-367059_TSD	1.694	0.040680268219556	0.0333261560617099
RLG_AsatOT3098_Ava_chr2D-451115_TSD	2.145	0.0387087734937014	0.033616705181296
RLG_AsatOT3098_Ava_chr3A-233918_TSD	1.421	0.0397689221646413	0.0331530573771488
RLG_AsatOT3098_Ava_chr3D-199438_TSD	1.831	0.0393784871567937	0.0347739735678044
RLG_AsatOT3098_Ava_chr3D-290243_TSD	2.116	0.0402045780352074	0.0332405400556865
RLG_AsatOT3098_Ava_chr4A-072961_TSD	2.015	0.0411566079458055	0.0369474352324019
RLG_AsatOT3098_Ava_chr4A-129577_TSD	2.031	0.0409772229618976	0.0330036979678322
RLG_AsatOT3098_Ava_chr4C-057570_TSD	1.542	0.0415733822401941	0.0371649293794559
RLG_AsatOT3098_Ava_chr4D-102078_TSD	2.047	0.0410315335971173	0.0376425837025155
RLG_AsatOT3098_Ava_chr4D-160998_TSD	1.217	0.0409436116311164	0.0342802371162616
RLG_AsatOT3098_Ava_chr4D-198122_TSD	2.1	0.0412568958441379	0.0351261292378514
RLG_AsatOT3098_Ava_chr6A-197319_TSD	1.609	0.040381106250362	0.0338412178405888
RLG_AsatOT3098_Ava_chr6A-388347_TSD	1.593	0.0421052186075686	0.0341913615785998
RLG_AsatOT3098_Ava_chr6D-131731_TSD	0.749	0.0389499171182134	0.0338781211377254
RLG_AsatOT3098_Ava_chr7A-271859_TSD	1.888	0.0394956455750964	0.0326445645417281
RLG_AsatOT3098_Ava_chr7A-309962_TSD	1.118	0.0393888257881854	0.0330908937957973
RLG_AsatOT3098_Ava_chr7A-330961_TSD	1.741	0.0414669962007936	0.0370444310780537
RLG_AsatOT3098_Ava_chr7A-378614_TSD	1.785	0.0420859093929026	0.0366589381758374
RLG_AsatOT3098_Ava_chr7D-061342_TSD	1.908	0.0414116598612629	0.0356071268302447
RLG_AsatOT3098_Ava_chr7D-181994_TSD	1.325	0.0411933122561118	0.0342712811895427
RLG_AsatOT3098_Ava_chr7D-212938_TSD	0.987	0.0403276956602532	0.0353246747703941
RLG_AsatOT3098_Ava_chr7D-214000_TSD	1.749	0.0399680356859369	0.0328648760268376
RLG_AsatOT3098_Ava_chr7D-235641_TSD	1.725	0.0396977070057195	0.0363201192553246
RLG_AsatOT3098_Ava_chr7D-284995_TSD	1.99	0.0420661574900489	0.0374524380359418
