RLG_AeriBYU132Cp_Ava_chr1C-405299_TSD	2.364	0.0270113136192911	-0.00576735772104214
RLG_AeriBYU132Cp_Ava_chr2C-291937_TSD	3.113	0.0302839153710942	-0.00033949929378627
RLG_AeriBYU132Cp_Ava_chr2C-295296_TSD	3.919	0.0288401003928186	-0.00608282750222108
RLG_AeriBYU132Cp_Ava_chr2C-295452_TSD	2.914	0.0325415447346451	-0.00619398350050746
RLG_AeriBYU132Cp_Ava_chr2C-295540_TSD	4.082	0.0297470692517385	-0.0057608358819503
RLG_AeriBYU132Cp_Ava_chr2C-296378_TSD	3.568	0.0353319753567065	-0.00579166430945957
RLG_AeriBYU132Cp_Ava_chr2C-322419_TSD	2.385	0.0336071395002686	-0.0012185620776618
RLG_AeriBYU132Cp_Ava_chr2C-323137_TSD	4.258	0.0295524510827433	0.00181657851500862
RLG_AeriBYU132Cp_Ava_chr3C-214603_TSD	3.117	0.0289062135349528	-0.00328529851984799
RLG_AeriBYU132Cp_Ava_chr3C-378296_TSD	3.319	0.0323144171900152	-0.00340054855498513
RLG_AeriBYU132Cp_Ava_chr3C-384570_TSD	3.301	0.0277574380460977	-0.000825928323183519
RLG_AeriBYU132Cp_Ava_chr3C-385904_TSD	4.305	0.0315453155032278	0.00198708962123991
RLG_AeriBYU132Cp_Ava_chr3C-394596_TSD	4.205	0.0285104425510721	-0.00569525243368073
RLG_AeriBYU132Cp_Ava_chr3C-460815_TSD	3.32	0.0304915345323189	-0.00463233577526562
RLG_AeriBYU132Cp_Ava_chr4C-355757_TSD	2.956	0.0322266892763117	-0.00474462084789228
RLG_AeriBYU132Cp_Ava_chr5C-281172_TSD	2.661	0.0338063023845939	-0.000221819819179286
RLG_AeriBYU132Cp_Ava_chr5C-334927_TSD	2.493	0.0302299578571427	-0.00716812144558839
RLG_AeriBYU132Cp_Ava_chr5C-368244_TSD	3.083	0.0313806340001843	-0.00460382626489078
RLG_AeriBYU132Cp_Ava_chr6C-028133_TSD	3.506	0.0337234037010975	0.00303744300051121
RLG_AeriBYU132Cp_Ava_chr6C-135966_TSD	2.611	0.0270650048738248	-0.0059357341591501
RLG_AeriBYU132Cp_Ava_chr6C-163511_TSD	3.807	0.0305181744620096	0.00178351792884096
RLG_AeriBYU132Cp_Ava_chr7C-290772_TSD	3.074	0.0300408363509668	-0.00310764147881145
RLG_AinsBYU209_Ava_chr1C-173236_TSD	3.48	0.0315641033294055	-0.00291103866586314
RLG_AinsBYU209_Ava_chr1C-181140_TSD	3.406	0.0347014699837415	0.00137767969287334
RLG_AinsBYU209_Ava_chr1C-210214_TSD	3.06	0.0329667784296798	-0.00368413980974059
RLG_AinsBYU209_Ava_chr1C-210752_TSD	2.493	0.0339293021641619	-0.00132775310719352
RLG_AinsBYU209_Ava_chr1C-417856_TSD	2.497	0.027060009626566	-0.00390872714311243
RLG_AinsBYU209_Ava_chr2C-155891_TSD	3.16	0.0313047496751444	-0.00651927767853891
RLG_AinsBYU209_Ava_chr2C-155899_TSD	3.093	0.0296490751613609	-0.00642702182622235
RLG_AinsBYU209_Ava_chr2C-157100_TSD	3.227	0.0328828913248473	0.00127293894120982
RLG_AinsBYU209_Ava_chr2C-157747_TSD	2.109	0.0334944943536542	-0.00168947042897468
RLG_AinsBYU209_Ava_chr2C-157849_TSD	2.452	0.0317101412611915	-0.00379623405109665
RLG_AinsBYU209_Ava_chr2C-158627_TSD	3.738	0.0317578833269451	0.000318491018226039
RLG_AinsBYU209_Ava_chr2C-162422_TSD	3.364	0.0312316468662976	-0.0012050536959076
RLG_AinsBYU209_Ava_chr2C-166553_TSD	3.105	0.0308682336401723	-0.00396435851746935
RLG_AinsBYU209_Ava_chr2C-188418_TSD	3.139	0.0324907260905201	-0.00618019444553395
RLG_AinsBYU209_Ava_chr2C-190005_TSD	2.742	0.0316504133076248	-0.00343983838290372
RLG_AinsBYU209_Ava_chr2C-193654_TSD	2.861	0.0306796952206099	-0.00485644591132287
RLG_AinsBYU209_Ava_chr2C-194511_TSD	3.699	0.0332052065735582	-0.00468663624889118
RLG_AinsBYU209_Ava_chr2C-196573_TSD	2.773	0.030925977082382	-0.00316076699635348
RLG_AinsBYU209_Ava_chr2C-199417_TSD	3.227	0.0325820665654907	-0.00484668767484786
RLG_AinsBYU209_Ava_chr2C-222785_TSD	2.563	0.0284961500964101	-0.00655615323579396
RLG_AinsBYU209_Ava_chr2C-239165_TSD	3.595	0.029672307056489	-0.00129505789422461
RLG_AinsBYU209_Ava_chr3C-184978_TSD	3.671	0.0305027777731242	-0.00335791148381932
RLG_AinsBYU209_Ava_chr3C-186310_TSD	2.806	0.0316350305222111	0.000273502547335046
RLG_AinsBYU209_Ava_chr3C-188895_TSD	3.615	0.0295333961517279	-0.00310197431102159
RLG_AinsBYU209_Ava_chr3C-189736_TSD	3.387	0.0301013529730856	-0.000590782461346884
RLG_AinsBYU209_Ava_chr3C-189799_TSD	3.255	0.0294782211164503	-0.000495048313227107
RLG_AinsBYU209_Ava_chr3C-243873_TSD	2.837	0.0306899943466155	-0.00411985224703567
RLG_AinsBYU209_Ava_chr3C-247044_TSD	3.304	0.0331405708642086	-0.000812500970214685
RLG_AinsBYU209_Ava_chr3C-278669_TSD	3.294	0.0321607558525801	-0.00199161214963688
RLG_AinsBYU209_Ava_chr3C-279690_TSD	2.283	0.0324226502557367	-0.00372613474730161
RLG_AinsBYU209_Ava_chr3C-282091_TSD	3.023	0.0278290854388264	-0.00587636025698435
RLG_AinsBYU209_Ava_chr3C-299165_TSD	2.805	0.0329627815552968	-0.00460101776404963
RLG_AinsBYU209_Ava_chr3C-376836_TSD	3.028	0.0342777510934516	-0.00371325218006344
RLG_AinsBYU209_Ava_chr3C-380973_TSD	2.85	0.0340085292046117	-0.00232392781281599
RLG_AinsBYU209_Ava_chr4C-410731_TSD	2.904	0.0349856608578836	-0.00171463899310727
RLG_AinsBYU209_Ava_chr4C-423234_TSD	2.921	0.0337315027734605	-0.00117979310064269
RLG_AinsBYU209_Ava_chr5C-006909_TSD	2.565	0.0283610742598302	-0.0010200174328374
RLG_AinsBYU209_Ava_chr5C-207106_TSD	3.491	0.0333041731540911	-0.00180020168708021
RLG_AinsBYU209_Ava_chr5C-219458_TSD	3.42	0.0293759107514074	-0.000574804957459942
RLG_AinsBYU209_Ava_chr5C-266965_TSD	2.129	0.0328365123170873	-0.0031682528908917
RLG_AinsBYU209_Ava_chr5C-276316_TSD	3.643	0.0310282154731285	-0.00596310128064556
RLG_AinsBYU209_Ava_chr6C-139990_TSD	2.465	0.0289578284993038	-0.00565836080389868
RLG_AinsBYU209_Ava_chr6C-356263_TSD	3.246	0.0279061279211005	-0.00270468892396107
RLG_AinsBYU209_Ava_chr7C-108367_TSD	2.755	0.0342033667150017	0.000262650491794856
RLG_AinsBYU209_Ava_chr7C-252031_TSD	3.234	0.0286301660312201	-0.00379846517106357
RLG_AinsBYU209_Ava_chr7C-287177_TSD	3.03	0.0324523811423685	-0.0030586719416026
RLG_AsatOT3098_Ava_chr1C-217141_TSD	2.324	0.0345296832861404	-0.006489896658939
RLG_AsatOT3098_Ava_chr1C-223834_TSD	3.185	0.0325471838391493	-0.00346385889011421
RLG_AsatOT3098_Ava_chr1C-234319_TSD	3.709	0.034474668442891	0.00152554937248962
RLG_AsatOT3098_Ava_chr1C-236078_TSD	3.436	0.0289156532216756	-0.00345108787624916
RLG_AsatOT3098_Ava_chr1C-270699_TSD	2.327	0.0324529319127107	-0.00468505872754086
RLG_AsatOT3098_Ava_chr1C-271738_TSD	2.605	0.0353357160634687	-0.000982760351177194
RLG_AsatOT3098_Ava_chr2C-189446_TSD	3.101	0.032575271766914	-0.0062976460276517
RLG_AsatOT3098_Ava_chr2C-204018_TSD	3.064	0.0305619197003898	-0.00335179695100127
RLG_AsatOT3098_Ava_chr2C-206647_TSD	2.868	0.0322151968016999	-0.00583148193544836
RLG_AsatOT3098_Ava_chr2C-206655_TSD	3.028	0.0293603691145403	-0.00621803153229176
RLG_AsatOT3098_Ava_chr2C-207075_TSD	3.304	0.0316924597877132	-0.00187763364228018
RLG_AsatOT3098_Ava_chr2C-208415_TSD	3	0.0326756817107627	0.000316453862071686
RLG_AsatOT3098_Ava_chr2C-209067_TSD	1.911	0.033449395708555	-0.00179141781775696
RLG_AsatOT3098_Ava_chr2C-209169_TSD	2.41	0.0311312448232386	-0.00320807023276924
RLG_AsatOT3098_Ava_chr2C-209908_TSD	3.388	0.0314905638641544	0.000557859213852227
RLG_AsatOT3098_Ava_chr2C-213031_TSD	3.09	0.0297238630679252	-0.00293199182771377
RLG_AsatOT3098_Ava_chr2C-214110_TSD	3.628	0.0319746886942281	-0.000554413465332265
RLG_AsatOT3098_Ava_chr2C-222196_TSD	2.954	0.0306523047522408	-0.00400420883640562
RLG_AsatOT3098_Ava_chr2C-223225_TSD	2.44	0.032681472781049	-0.00376816915031615
RLG_AsatOT3098_Ava_chr2C-226054_TSD	3.188	0.0324176485228267	-0.005347093365396
RLG_AsatOT3098_Ava_chr2C-231644_TSD	2.53	0.0321962070620453	-0.00188130294760423
RLG_AsatOT3098_Ava_chr2C-232347_TSD	3.056	0.0274234701139092	-0.00549444811950494
RLG_AsatOT3098_Ava_chr2C-245291_TSD	3.442	0.0305273528393477	0.00222854390541925
RLG_AsatOT3098_Ava_chr3C-122448_TSD	2.991	0.034255755475621	-0.0030834813815419
RLG_AsatOT3098_Ava_chr3C-126825_TSD	3.183	0.0341811141594572	-0.00385242818092747
RLG_AsatOT3098_Ava_chr3C-223549_TSD	2.845	0.0328235009112897	-0.00473101214820699
RLG_AsatOT3098_Ava_chr3C-237602_TSD	3.252	0.0325575814968902	-0.00213667066220869
RLG_AsatOT3098_Ava_chr3C-238777_TSD	2.923	0.0320270781302281	-0.00290462083050659
RLG_AsatOT3098_Ava_chr3C-239144_TSD	2.923	0.0320284265049284	-0.00290474972756177
RLG_AsatOT3098_Ava_chr3C-240271_TSD	2.572	0.0325679235594725	-0.00434800832232182
RLG_AsatOT3098_Ava_chr3C-242703_TSD	3.277	0.0295222255606067	-0.00625011406630072
RLG_AsatOT3098_Ava_chr3C-296038_TSD	3.513	0.0312160821007988	-0.000490427559681398
RLG_AsatOT3098_Ava_chr3C-297443_TSD	2.744	0.0303172009490306	-0.00390413324969306
RLG_AsatOT3098_Ava_chr3C-300316_TSD	3.753	0.0319570802193219	0.00235782577494053
RLG_AsatOT3098_Ava_chr3C-322716_TSD	3.056	0.0328957839524723	-0.00343910212499402
RLG_AsatOT3098_Ava_chr3C-349877_TSD	3.759	0.0311104838016559	-0.00371339125735625
RLG_AsatOT3098_Ava_chr3C-350572_TSD	3.011	0.0309472402346139	1.22185564207106e-05
RLG_AsatOT3098_Ava_chr3C-354324_TSD	3.613	0.0295108774456051	-0.00349563668671875
RLG_AsatOT3098_Ava_chr3C-355210_TSD	3.338	0.0304191207054605	-0.000957709951484374
RLG_AsatOT3098_Ava_chr3C-632587_TSD	2.817	0.0285599797663401	-0.000667817615291716
RLG_AsatOT3098_Ava_chr4C-362374_TSD	2.171	0.0275374878192708	-0.0069666473934625
RLG_AsatOT3098_Ava_chr4C-458872_TSD	2.758	0.0351468227631347	-0.00205271602804485
RLG_AsatOT3098_Ava_chr4C-473875_TSD	2.921	0.034558887965027	-0.00132083807142675
RLG_AsatOT3098_Ava_chr5C-214160_TSD	3.402	0.0343494880642349	-0.000706558264191786
RLG_AsatOT3098_Ava_chr5C-227470_TSD	3.334	0.0315682298876569	-0.00219770271148512
RLG_AsatOT3098_Ava_chr5C-264611_TSD	3.315	0.0331567783599131	-0.00226216879077652
RLG_AsatOT3098_Ava_chr5C-267110_TSD	3.116	0.0297546471888134	-0.000735075430991893
RLG_AsatOT3098_Ava_chr5C-268626_TSD	2.174	0.0310036606679856	-0.00705624068935818
RLG_AsatOT3098_Ava_chr5C-273604_TSD	3.329	0.0334954387783986	-0.0012365802015525
RLG_AsatOT3098_Ava_chr5C-283063_TSD	2.177	0.032490652035335	-0.00491904427505174
RLG_AsatOT3098_Ava_chr5C-283494_TSD	3.305	0.0331085478962727	-0.00449396714839465
RLG_AsatOT3098_Ava_chr5C-293880_TSD	2.78	0.0341246573604511	-0.00264136227120592
RLG_AsatOT3098_Ava_chr5C-296488_TSD	3.6	0.0320235705493732	-0.006843445888915
RLG_AsatOT3098_Ava_chr5C-296554_TSD	3.299	0.0302378008157444	-0.0055506524688514
RLG_AsatOT3098_Ava_chr7C-116175_TSD	2.798	0.0344186368599471	-0.000218868282093285
RLG_AsatOT3098_Ava_chr7C-270660_TSD	3.821	0.029943248112578	-9.15005910180552e-05
RLG_AsatOT3098_Ava_chr7C-281433_TSD	3.234	0.0284750863112862	-0.00318592856676105
RLG_AsatOT3098_Ava_chr7C-327166_TSD	3.223	0.0324209499375236	-0.00271477950660769
