RLG_AeriBYU132Cp_Ava_chr1C-006342_TSD	2.026	0.0130367608892383	-0.0229923888575125
RLG_AeriBYU132Cp_Ava_chr1C-013557_TSD	1.647	0.0132007009673756	-0.0255349573835686
RLG_AeriBYU132Cp_Ava_chr1C-149834_TSD	1.678	0.00963525884562054	-0.0215993730758142
RLG_AeriBYU132Cp_Ava_chr1C-167356_TSD	1.854	0.00950228310489231	-0.0204375997644958
RLG_AeriBYU132Cp_Ava_chr1C-171925_TSD	2.41	0.013435684407519	-0.021182015289964
RLG_AeriBYU132Cp_Ava_chr1C-175424_TSD	1.327	0.00884377626952974	-0.0222368109091708
RLG_AeriBYU132Cp_Ava_chr1C-179240_TSD	2.542	0.0131463688942885	-0.0232977291491182
RLG_AeriBYU132Cp_Ava_chr1C-179278_TSD	2.701	0.0104310595149337	-0.0213479151148035
RLG_AeriBYU132Cp_Ava_chr2C-082943_TSD	1.582	0.015900115323036	-0.0220465492809814
RLG_AeriBYU132Cp_Ava_chr2C-175101_TSD	1.598	0.0079911631355066	-0.020475709823903
RLG_AeriBYU132Cp_Ava_chr2C-205728_TSD	1.878	0.0119788449857169	-0.0247118159122842
RLG_AeriBYU132Cp_Ava_chr2C-244619_TSD	1.85	0.0123671943017938	-0.0221251247896629
RLG_AeriBYU132Cp_Ava_chr2C-253498_TSD	2.468	0.0163046850083254	-0.0225927125320583
RLG_AeriBYU132Cp_Ava_chr2C-254663_TSD	1.798	0.0153380567519004	-0.0213264825728446
RLG_AeriBYU132Cp_Ava_chr2C-265526_TSD	1.483	0.012514644524083	-0.0252405173697975
RLG_AeriBYU132Cp_Ava_chr2C-268720_TSD	1.481	0.0113302111870523	-0.0259381091755588
RLG_AeriBYU132Cp_Ava_chr2C-269865_TSD	1.329	0.0094301143963999	-0.020829236642653
RLG_AeriBYU132Cp_Ava_chr2C-271200_TSD	0.892	0.0067438234942815	-0.0219841276793275
RLG_AeriBYU132Cp_Ava_chr2C-274238_TSD	1.453	0.00902397832968526	-0.0220425152677889
RLG_AeriBYU132Cp_Ava_chr2C-274461_TSD	1.834	0.0115169846298013	-0.0253165230196116
RLG_AeriBYU132Cp_Ava_chr2C-275089_TSD	2.005	0.0120007484072807	-0.0245032242972087
RLG_AeriBYU132Cp_Ava_chr2C-275161_TSD	2.397	0.0125275634708613	-0.0236502239838114
RLG_AeriBYU132Cp_Ava_chr2C-275397_TSD	3.051	0.0121845879135932	-0.0209864303378878
RLG_AeriBYU132Cp_Ava_chr2C-275417_TSD	3.431	0.0168889732125074	-0.0203852453201421
RLG_AeriBYU132Cp_Ava_chr2C-275937_TSD	1.683	0.00960595642918459	-0.0219008794293263
RLG_AeriBYU132Cp_Ava_chr2C-276126_TSD	1.371	0.0116979551591934	-0.0226811218952376
RLG_AeriBYU132Cp_Ava_chr2C-276309_TSD	2.194	0.0149415228195555	-0.0218266386276835
RLG_AeriBYU132Cp_Ava_chr2C-276542_TSD	1.312	0.00952478870469862	-0.0229934023905557
RLG_AeriBYU132Cp_Ava_chr2C-277256_TSD	1.695	0.0139289964284112	-0.0228321950518165
RLG_AeriBYU132Cp_Ava_chr2C-277702_TSD	2.371	0.0166399772579524	-0.0229351167899928
RLG_AeriBYU132Cp_Ava_chr2C-280691_TSD	2.566	0.0122013645596132	-0.0228868042858618
RLG_AeriBYU132Cp_Ava_chr2C-338045_TSD	1.633	0.00847929757956508	-0.021275313573743
RLG_AeriBYU132Cp_Ava_chr2C-435299_TSD	1.486	0.0109213448806822	-0.0257204874933682
RLG_AeriBYU132Cp_Ava_chr3C-017695_TSD	1.47	0.0119618966110972	-0.0261408721837134
RLG_AeriBYU132Cp_Ava_chr3C-023129_TSD	1.132	0.0103706721024849	-0.0208500761504552
RLG_AeriBYU132Cp_Ava_chr3C-125532_TSD	1.272	0.00827535073088238	-0.0216726074057221
RLG_AeriBYU132Cp_Ava_chr3C-132250_TSD	1.206	0.00751397981445694	-0.0213619780753983
RLG_AeriBYU132Cp_Ava_chr3C-148479_TSD	1.878	0.0136674504303418	-0.0202987383824727
RLG_AeriBYU132Cp_Ava_chr3C-207388_TSD	1.346	0.0116234696139749	-0.0257371882289244
RLG_AeriBYU132Cp_Ava_chr3C-209643_TSD	1.769	0.0146731255616715	-0.0223518720300146
RLG_AeriBYU132Cp_Ava_chr3C-212823_TSD	1.542	0.0113960671880345	-0.0229385954820267
RLG_AeriBYU132Cp_Ava_chr3C-225626_TSD	2.79	0.0159365399986293	-0.0227927431001567
RLG_AeriBYU132Cp_Ava_chr3C-246687_TSD	1.604	0.0143407696989811	-0.024419267518544
RLG_AeriBYU132Cp_Ava_chr3C-250066_TSD	2.12	0.0117141638679667	-0.0217041404524392
RLG_AeriBYU132Cp_Ava_chr3C-342849_TSD	1.479	0.013018491645173	-0.0215213113210572
RLG_AeriBYU132Cp_Ava_chr3C-372480_TSD	2.085	0.0103294328315947	-0.0208656965538532
RLG_AeriBYU132Cp_Ava_chr3C-392383_TSD	2.118	0.0120827713489912	-0.0230572802582029
RLG_AeriBYU132Cp_Ava_chr3C-392642_TSD	2.119	0.012933983426229	-0.0219130738336549
RLG_AeriBYU132Cp_Ava_chr3C-393389_TSD	1.965	0.0133106687270924	-0.0212823339437892
RLG_AeriBYU132Cp_Ava_chr4C-057455_TSD	2.325	0.0112800338207051	-0.025188645518463
RLG_AeriBYU132Cp_Ava_chr4C-306627_TSD	1.25	0.0121143891341305	-0.0255747358035838
RLG_AeriBYU132Cp_Ava_chr4C-307309_TSD	1.563	0.0111385974796509	-0.0266370301431317
RLG_AeriBYU132Cp_Ava_chr4C-321465_TSD	1.484	0.0128760103872843	-0.0253466925341527
RLG_AeriBYU132Cp_Ava_chr4C-322276_TSD	1.929	0.0114005249583714	-0.0227968016423637
RLG_AeriBYU132Cp_Ava_chr4C-346139_TSD	2.721	0.0160708857538531	-0.0242788506634484
RLG_AeriBYU132Cp_Ava_chr4C-346166_TSD	3.572	0.01476261531885	-0.0209861041246077
RLG_AeriBYU132Cp_Ava_chr4C-385478_TSD	1.337	0.00629147852390815	-0.0213647942359587
RLG_AeriBYU132Cp_Ava_chr4C-387278_TSD	1.833	0.0103477249638898	-0.0256758640041898
RLG_AeriBYU132Cp_Ava_chr4C-388298_TSD	1.413	0.00673059073989305	-0.0210634289253545
RLG_AeriBYU132Cp_Ava_chr4C-388987_TSD	1.559	0.011259167514134	-0.0251245886735235
RLG_AeriBYU132Cp_Ava_chr4C-392089_TSD	2.261	0.0105236428492269	-0.0209339106440895
RLG_AeriBYU132Cp_Ava_chr4C-392783_TSD	1.827	0.00899929519252708	-0.0241369065307389
RLG_AeriBYU132Cp_Ava_chr4C-392954_TSD	2.524	0.00903822665641058	-0.0236588729174567
RLG_AeriBYU132Cp_Ava_chr4C-393153_TSD	1.991	0.00922475394669141	-0.020251022676547
RLG_AeriBYU132Cp_Ava_chr4C-393252_TSD	1.248	0.0103134559653853	-0.0239349270704551
RLG_AeriBYU132Cp_Ava_chr4C-393891_TSD	1.503	0.0100234822340593	-0.0250766568422211
RLG_AeriBYU132Cp_Ava_chr4C-395124_TSD	2.577	0.0123923880040758	-0.0229021814543843
RLG_AeriBYU132Cp_Ava_chr4C-562033_TSD	2.094	0.0121549952130277	-0.0239424576119623
RLG_AeriBYU132Cp_Ava_chr4C-570905_TSD	1.687	0.0116312743885314	-0.0269487815732157
RLG_AeriBYU132Cp_Ava_chr4C-583371_TSD	1.521	0.0115756000601684	-0.0212594243367415
RLG_AeriBYU132Cp_Ava_chr5C-067617_TSD	1.555	0.0115933830321155	-0.0252815896285697
RLG_AeriBYU132Cp_Ava_chr5C-260810_TSD	1.772	0.0104906032254343	-0.0232178123120157
RLG_AeriBYU132Cp_Ava_chr5C-267403_TSD	2.011	0.00965252064194243	-0.0227879402243276
RLG_AeriBYU132Cp_Ava_chr5C-314111_TSD	1.72	0.0122734412072592	-0.0244010994809056
RLG_AeriBYU132Cp_Ava_chr5C-346849_TSD	1.588	0.00889584652949983	-0.0223929769392681
RLG_AeriBYU132Cp_Ava_chr5C-348599_TSD	2.654	0.0145958594533824	-0.0228520636641372
RLG_AeriBYU132Cp_Ava_chr5C-354108_TSD	3.369	0.0117042936087105	-0.0218105444421972
RLG_AeriBYU132Cp_Ava_chr5C-356545_TSD	2.637	0.0116958910309289	-0.0206933097348777
RLG_AeriBYU132Cp_Ava_chr5C-356658_TSD	1.797	0.0129684174809534	-0.0224109881859188
RLG_AeriBYU132Cp_Ava_chr5C-359676_TSD	2.319	0.0117579441571995	-0.0224407706514166
RLG_AeriBYU132Cp_Ava_chr5C-359711_TSD	1.824	0.0123992770312153	-0.0244045264126882
RLG_AeriBYU132Cp_Ava_chr5C-360038_TSD	2.385	0.0119456793593073	-0.021629863287059
RLG_AeriBYU132Cp_Ava_chr5C-361194_TSD	1.99	0.00967037853155801	-0.0229182600340221
RLG_AeriBYU132Cp_Ava_chr5C-362951_TSD	1.647	0.0102245291047136	-0.0214138552982681
RLG_AeriBYU132Cp_Ava_chr5C-364665_TSD	3.052	0.0131335893559854	-0.0212567737336221
RLG_AeriBYU132Cp_Ava_chr5C-366916_TSD	1.83	0.013146117570367	-0.0224489381849439
RLG_AeriBYU132Cp_Ava_chr5C-367086_TSD	1.986	0.011742580707198	-0.021773544484704
RLG_AeriBYU132Cp_Ava_chr5C-367157_TSD	1.955	0.0133592686933632	-0.0238532608029866
RLG_AeriBYU132Cp_Ava_chr5C-367308_TSD	1.957	0.0125444764332689	-0.0234202434105029
RLG_AeriBYU132Cp_Ava_chr5C-369347_TSD	2.346	0.0126535852241507	-0.0209300014574818
RLG_AeriBYU132Cp_Ava_chr6C-011701_TSD	2.087	0.0128752873459915	-0.0211138164707583
RLG_AeriBYU132Cp_Ava_chr6C-021379_TSD	0.757	0.0106307311105835	-0.0262950017081823
RLG_AeriBYU132Cp_Ava_chr6C-096173_TSD	1.643	0.0106138571279839	-0.0206611867754762
RLG_AeriBYU132Cp_Ava_chr6C-134369_TSD	2.534	0.00953381293659222	-0.0205975704879299
RLG_AeriBYU132Cp_Ava_chr6C-164728_TSD	1.999	0.0125269032509174	-0.0256396479070239
RLG_AeriBYU132Cp_Ava_chr6C-165574_TSD	2.13	0.011534619148396	-0.0257368270293486
RLG_AeriBYU132Cp_Ava_chr6C-173364_TSD	2.033	0.0114180209341195	-0.023589314743416
RLG_AeriBYU132Cp_Ava_chr6C-173857_TSD	1.205	0.0111973562448169	-0.0213139640930484
RLG_AeriBYU132Cp_Ava_chr6C-174231_TSD	1.182	0.0115576510227438	-0.0251150402700601
RLG_AeriBYU132Cp_Ava_chr6C-175891_TSD	1.915	0.0125358105706696	-0.0211703100947203
RLG_AeriBYU132Cp_Ava_chr6C-176405_TSD	2.988	0.012788516185186	-0.0214133988392384
RLG_AeriBYU132Cp_Ava_chr6C-178983_TSD	2.107	0.0122185778164181	-0.0229750033794629
RLG_AeriBYU132Cp_Ava_chr6C-179020_TSD	2.225	0.012082360632218	-0.0226035342684142
RLG_AeriBYU132Cp_Ava_chr6C-180904_TSD	2.247	0.0131632388015614	-0.0203546411583938
RLG_AeriBYU132Cp_Ava_chr6C-181498_TSD	2.122	0.0118460824632008	-0.0215509297600225
RLG_AeriBYU132Cp_Ava_chr6C-181551_TSD	2.535	0.011971344377296	-0.0222975526917384
RLG_AeriBYU132Cp_Ava_chr6C-181686_TSD	2.196	0.016541050612079	-0.0204221381036785
RLG_AeriBYU132Cp_Ava_chr6C-182123_TSD	2.338	0.0149537668999782	-0.0220950370708832
RLG_AeriBYU132Cp_Ava_chr6C-301526_TSD	2.041	0.0113920076138336	-0.0212718477553777
RLG_AeriBYU132Cp_Ava_chr6C-361119_TSD	1.865	0.013661537374097	-0.0248820891096627
RLG_AeriBYU132Cp_Ava_chr6C-385905_TSD	1.672	0.0110127212971753	-0.0218074926150318
RLG_AeriBYU132Cp_Ava_chr6C-474938_TSD	1.759	0.010636346393362	-0.0237921022811141
RLG_AeriBYU132Cp_Ava_chr6C-486867_TSD	1.054	0.0121252905520595	-0.0265456207567529
RLG_AeriBYU132Cp_Ava_chr7C-054689_TSD	2.834	0.0110119919856974	-0.0230446228089484
RLG_AeriBYU132Cp_Ava_chr7C-055926_TSD	1.93	0.0100184607161979	-0.0234326083241691
RLG_AeriBYU132Cp_Ava_chr7C-057023_TSD	2.287	0.00904718730154837	-0.0208754715939581
RLG_AeriBYU132Cp_Ava_chr7C-057190_TSD	1.115	0.0112200148166161	-0.0263123830624954
RLG_AeriBYU132Cp_Ava_chr7C-057506_TSD	2.208	0.0119745518094805	-0.0256377831074442
RLG_AeriBYU132Cp_Ava_chr7C-058062_TSD	2.04	0.0116025317839228	-0.0262662646108962
RLG_AeriBYU132Cp_Ava_chr7C-058407_TSD	1.797	0.00696584607279485	-0.0219071944148227
RLG_AeriBYU132Cp_Ava_chr7C-060168_TSD	2.234	0.0115112145237288	-0.0241133726820504
RLG_AeriBYU132Cp_Ava_chr7C-060483_TSD	2.278	0.0114305038211003	-0.0248313894413946
RLG_AeriBYU132Cp_Ava_chr7C-066085_TSD	2.366	0.00907059631928875	-0.0243045596192282
RLG_AeriBYU132Cp_Ava_chr7C-066287_TSD	1.922	0.0120502541695518	-0.0260374806208548
RLG_AeriBYU132Cp_Ava_chr7C-066918_TSD	2.271	0.0155498633394532	-0.0223350115752242
RLG_AeriBYU132Cp_Ava_chr7C-067249_TSD	2.172	0.0116624457699441	-0.0208686787975218
RLG_AeriBYU132Cp_Ava_chr7C-067266_TSD	2.341	0.0125195574836214	-0.0225993011344928
RLG_AeriBYU132Cp_Ava_chr7C-067294_TSD	2.272	0.0144736168675634	-0.0225623908835842
RLG_AeriBYU132Cp_Ava_chr7C-067465_TSD	2.323	0.0130014064392178	-0.0243643235736876
RLG_AeriBYU132Cp_Ava_chr7C-067504_TSD	2.17	0.013943423126247	-0.0219674292464458
RLG_AeriBYU132Cp_Ava_chr7C-067889_TSD	2.775	0.0110076431960259	-0.0229190040389006
RLG_AeriBYU132Cp_Ava_chr7C-068037_TSD	2.618	0.0124311199178429	-0.0244291053999585
RLG_AeriBYU132Cp_Ava_chr7C-068480_TSD	3.761	0.0123099050070971	-0.0216786910651134
RLG_AeriBYU132Cp_Ava_chr7C-068866_TSD	1.607	0.0142195875493583	-0.0207289827414297
RLG_AeriBYU132Cp_Ava_chr7C-068923_TSD	2.563	0.0161752743339465	-0.0221048464784857
RLG_AeriBYU132Cp_Ava_chr7C-069154_TSD	2.608	0.0138717316418505	-0.0239996080414607
RLG_AeriBYU132Cp_Ava_chr7C-069275_TSD	1.837	0.0125781179812929	-0.0230791510348299
RLG_AeriBYU132Cp_Ava_chr7C-069332_TSD	1.705	0.0125348289631582	-0.0217336466099787
RLG_AeriBYU132Cp_Ava_chr7C-069648_TSD	1.805	0.0109036652037559	-0.0262775857984234
RLG_AeriBYU132Cp_Ava_chr7C-070252_TSD	2.417	0.0166358240900765	-0.0220573470407911
RLG_AeriBYU132Cp_Ava_chr7C-072196_TSD	1.408	0.0114663247463555	-0.025633386186044
RLG_AeriBYU132Cp_Ava_chr7C-081255_TSD	2.211	0.0118700479026876	-0.0221208048398637
RLG_AeriBYU132Cp_Ava_chr7C-110309_TSD	2.506	0.0170137154240121	-0.0221512560514433
RLG_AeriBYU132Cp_Ava_chr7C-233907_TSD	1.895	0.00658590925613947	-0.0204293352375134
RLG_AeriBYU132Cp_Ava_chr7C-345774_TSD	1.663	0.0111562931825746	-0.0225320751038708
RLG_AeriBYU132Cp_Ava_chr7C-351060_TSD	1.938	0.0165039227033372	-0.0205396180868268
RLG_AeriBYU132Cp_Ava_chr7C-372372_TSD	0.415	0.00895061991406646	-0.022459536696851
RLG_AeriBYU132Cp_Ava_chr7C-430284_TSD	1.769	0.00920610386130866	-0.0222350634203882
RLG_AinsBYU209_Ava_chr1C-173077_TSD	2.502	0.0144520988124832	-0.0232046962814277
RLG_AinsBYU209_Ava_chr1C-176789_TSD	1.957	0.0136120314862567	-0.0255803534915103
RLG_AinsBYU209_Ava_chr1C-176960_TSD	1.714	0.0106358377111016	-0.024981733804065
RLG_AinsBYU209_Ava_chr1C-177446_TSD	2.421	0.016973307679237	-0.0214323043566713
RLG_AinsBYU209_Ava_chr1C-177482_TSD	1.74	0.0118130771245853	-0.0264327971201483
RLG_AinsBYU209_Ava_chr1C-177778_TSD	1.742	0.00942260307221075	-0.0242458522191249
RLG_AinsBYU209_Ava_chr1C-180163_TSD	2.608	0.0146556527758334	-0.0258488557262542
RLG_AinsBYU209_Ava_chr1C-180619_TSD	2.632	0.012921769132213	-0.0207878648766597
RLG_AinsBYU209_Ava_chr1C-181679_TSD	1.952	0.0131456522008907	-0.0231015623953402
RLG_AinsBYU209_Ava_chr1C-182096_TSD	2.379	0.0152360628909123	-0.0253372025127736
RLG_AinsBYU209_Ava_chr1C-182692_TSD	2.304	0.0155707601679032	-0.0244155277847923
RLG_AinsBYU209_Ava_chr1C-183776_TSD	2.167	0.0157910318038914	-0.0212847743356852
RLG_AinsBYU209_Ava_chr1C-183814_TSD	1.686	0.0149908351533797	-0.024387260541529
RLG_AinsBYU209_Ava_chr1C-183825_TSD	2.25	0.0156799151643239	-0.0224463993301194
RLG_AinsBYU209_Ava_chr1C-184692_TSD	2.051	0.0148180005259834	-0.0226388678141072
RLG_AinsBYU209_Ava_chr1C-184867_TSD	2.239	0.0144807807330709	-0.0226433652327014
RLG_AinsBYU209_Ava_chr1C-185084_TSD	2.039	0.014237601809452	-0.0211636286482231
RLG_AinsBYU209_Ava_chr1C-185186_TSD	3.057	0.0155163706065398	-0.021570037820612
RLG_AinsBYU209_Ava_chr1C-185814_TSD	2.735	0.0144303283604866	-0.0240221165511999
RLG_AinsBYU209_Ava_chr1C-190024_TSD	2.576	0.0131935412244768	-0.0249132338948877
RLG_AinsBYU209_Ava_chr1C-209844_TSD	1.606	0.0146888276224289	-0.0228356493961643
RLG_AinsBYU209_Ava_chr1C-283541_TSD	1.883	0.015224114811248	-0.022264110922455
RLG_AinsBYU209_Ava_chr1C-421901_TSD	1.599	0.00655697077679992	-0.0237641544627371
RLG_AinsBYU209_Ava_chr1C-430485_TSD	2.448	0.0158686229365481	-0.0256774457984456
RLG_AinsBYU209_Ava_chr1C-466453_TSD	2.216	0.0130506970407654	-0.0247906202689035
RLG_AinsBYU209_Ava_chr2C-102354_TSD	1.87	0.0126782764687911	-0.0252134303164473
RLG_AinsBYU209_Ava_chr2C-111151_TSD	1.755	0.00651810940927359	-0.0231698585195154
RLG_AinsBYU209_Ava_chr2C-163908_TSD	1.292	0.012122492754905	-0.0253679242959718
RLG_AinsBYU209_Ava_chr2C-199882_TSD	2.479	0.0157198387393748	-0.0235566600615737
RLG_AinsBYU209_Ava_chr2C-200007_TSD	2.381	0.0143038705082497	-0.0241378567490649
RLG_AinsBYU209_Ava_chr2C-200093_TSD	2.002	0.0127962131056016	-0.0267234273754013
RLG_AinsBYU209_Ava_chr2C-201690_TSD	2.036	0.0133379432322393	-0.0262457389973324
RLG_AinsBYU209_Ava_chr2C-202158_TSD	2.114	0.0140389701341633	-0.0258600488608676
RLG_AinsBYU209_Ava_chr2C-202504_TSD	2.162	0.0146525791566441	-0.0250888160347296
RLG_AinsBYU209_Ava_chr2C-203090_TSD	2.346	0.0157700868348721	-0.0250460553422401
RLG_AinsBYU209_Ava_chr2C-203233_TSD	2.335	0.0152520991052204	-0.0263386655645585
RLG_AinsBYU209_Ava_chr2C-203300_TSD	2.386	0.0136407197091917	-0.0215239580809146
RLG_AinsBYU209_Ava_chr2C-203344_TSD	2.01	0.0154731960359231	-0.024384708327966
RLG_AinsBYU209_Ava_chr2C-203532_TSD	2.541	0.0138816734664804	-0.0212380548328795
RLG_AinsBYU209_Ava_chr2C-203575_TSD	1.923	0.014604025324765	-0.0239658752740543
RLG_AinsBYU209_Ava_chr2C-204570_TSD	1.238	0.00954098548531394	-0.0258894991882213
RLG_AinsBYU209_Ava_chr2C-204810_TSD	2.119	0.015627327814484	-0.0246803873187109
RLG_AinsBYU209_Ava_chr2C-205140_TSD	2.638	0.0144968088499241	-0.0224397906246315
RLG_AinsBYU209_Ava_chr2C-205294_TSD	1.836	0.0112743943087292	-0.0261324747101511
RLG_AinsBYU209_Ava_chr2C-206567_TSD	2.219	0.0163778948424682	-0.0245227194445601
RLG_AinsBYU209_Ava_chr2C-219600_TSD	1.89	0.0127994185742295	-0.0244726202319297
RLG_AinsBYU209_Ava_chr2C-220546_TSD	2.171	0.0114185520742207	-0.0264198067559774
RLG_AinsBYU209_Ava_chr2C-356825_TSD	1.646	0.014289596995912	-0.0260021920578752
RLG_AinsBYU209_Ava_chr2C-428485_TSD	1.729	0.0157139629781787	-0.0228151897607246
RLG_AinsBYU209_Ava_chr3C-010063_TSD	2.05	0.0125802280984803	-0.0249821044607769
RLG_AinsBYU209_Ava_chr3C-090612_TSD	0.905	0.0126270421671399	-0.0252209292298599
RLG_AinsBYU209_Ava_chr3C-219905_TSD	2.543	0.0157516908982156	-0.0243078265140898
RLG_AinsBYU209_Ava_chr3C-279549_TSD	1.362	0.0114407327467755	-0.0265084303437869
RLG_AinsBYU209_Ava_chr3C-279616_TSD	1.261	0.00770651401802214	-0.0233326392905339
RLG_AinsBYU209_Ava_chr3C-281966_TSD	2.093	0.0131443148138871	-0.0224642241833392
RLG_AinsBYU209_Ava_chr3C-282518_TSD	2.321	0.0150597578978386	-0.0250437619238506
RLG_AinsBYU209_Ava_chr3C-282566_TSD	1.682	0.0149080563786992	-0.0215956078664721
RLG_AinsBYU209_Ava_chr3C-282656_TSD	1.807	0.0142571321842493	-0.0232382613445648
RLG_AinsBYU209_Ava_chr3C-282864_TSD	1.55	0.0075527990013567	-0.0231279688688172
RLG_AinsBYU209_Ava_chr3C-284011_TSD	2.219	0.0155059190213782	-0.0241232102772301
RLG_AinsBYU209_Ava_chr3C-284343_TSD	1.933	0.0158888569859306	-0.0228557922015278
RLG_AinsBYU209_Ava_chr3C-284823_TSD	1.956	0.0112374467053717	-0.0259752408547268
RLG_AinsBYU209_Ava_chr3C-372611_TSD	1.832	0.014147734213428	-0.0256219133830948
RLG_AinsBYU209_Ava_chr3C-379368_TSD	0.904	0.00663583524237827	-0.0231271692960602
RLG_AinsBYU209_Ava_chr3C-397466_TSD	1.602	0.0123609773212388	-0.0250500299336729
RLG_AinsBYU209_Ava_chr3C-425973_TSD	1.211	0.00672364317315802	-0.0238490589369872
RLG_AinsBYU209_Ava_chr3C-517389_TSD	1.969	0.0124828902812353	-0.0257378264614482
RLG_AinsBYU209_Ava_chr4C-331723_TSD	2.377	0.0121221400184304	-0.0261894948914188
RLG_AinsBYU209_Ava_chr4C-333048_TSD	2.283	0.0133182337706261	-0.021358651150985
RLG_AinsBYU209_Ava_chr4C-336284_TSD	2.045	0.0110399175399997	-0.0240549496757759
RLG_AinsBYU209_Ava_chr4C-337215_TSD	2.441	0.0133280655306723	-0.023238331965376
RLG_AinsBYU209_Ava_chr4C-337345_TSD	1.859	0.00981980458493653	-0.0241470221990065
RLG_AinsBYU209_Ava_chr4C-337443_TSD	2.081	0.0138729223617906	-0.024567825735825
RLG_AinsBYU209_Ava_chr4C-339105_TSD	1.84	0.0105714458551863	-0.0243232229646332
RLG_AinsBYU209_Ava_chr4C-515524_TSD	1.814	0.0136539722593926	-0.0252932734040836
RLG_AinsBYU209_Ava_chr4D-450678_TSD	1.672	0.00869630946846072	-0.0246537136174636
RLG_AinsBYU209_Ava_chr4D-458180_TSD	1.898	0.0130916484904991	-0.0239719838781856
RLG_AinsBYU209_Ava_chr5C-101258_TSD	1.28	0.00659372894105015	-0.0224713514216744
RLG_AinsBYU209_Ava_chr5C-214317_TSD	2.316	0.013651069358424	-0.0255105289087362
RLG_AinsBYU209_Ava_chr5C-214716_TSD	3.214	0.0131017113353852	-0.0244408596227729
RLG_AinsBYU209_Ava_chr5C-214900_TSD	2.544	0.0135152997971453	-0.0231803245425271
RLG_AinsBYU209_Ava_chr5C-216429_TSD	1.876	0.0109802184973027	-0.0269549570748727
RLG_AinsBYU209_Ava_chr5C-216530_TSD	1.427	0.0117359384622171	-0.0255228025944188
RLG_AinsBYU209_Ava_chr5C-217037_TSD	2.1	0.0119103326346006	-0.0261088238209613
RLG_AinsBYU209_Ava_chr5C-217785_TSD	1.397	0.014383072650267	-0.0244974621241177
RLG_AinsBYU209_Ava_chr5C-218578_TSD	2.451	0.0145085016533135	-0.0226846446121429
RLG_AinsBYU209_Ava_chr5C-218738_TSD	2.77	0.0151873895776028	-0.0236754578716215
RLG_AinsBYU209_Ava_chr5C-219950_TSD	2.13	0.0154173108291105	-0.0223481551891155
RLG_AinsBYU209_Ava_chr5C-220523_TSD	2.693	0.0174930754777564	-0.0211502376015451
RLG_AinsBYU209_Ava_chr5C-220861_TSD	2.741	0.0120962395325956	-0.0265451149645401
RLG_AinsBYU209_Ava_chr5C-223656_TSD	2.111	0.0136352754421226	-0.0217215798625171
RLG_AinsBYU209_Ava_chr5C-226123_TSD	2.481	0.014130506087315	-0.0226492897313633
RLG_AinsBYU209_Ava_chr5C-226396_TSD	2.028	0.0155442237724425	-0.0212648588223176
RLG_AinsBYU209_Ava_chr5C-227422_TSD	2.082	0.0143888486768185	-0.0238051505679617
RLG_AinsBYU209_Ava_chr5C-228531_TSD	2.24	0.0139190960283993	-0.0239169312052726
RLG_AinsBYU209_Ava_chr5C-228736_TSD	2.324	0.0148131659170565	-0.024614338733233
RLG_AinsBYU209_Ava_chr5C-229441_TSD	2.248	0.0131818866430709	-0.0247976092710854
RLG_AinsBYU209_Ava_chr5C-258212_TSD	2.075	0.0145511012457531	-0.0237120466113546
RLG_AinsBYU209_Ava_chr5C-272612_TSD	2.079	0.0117602556214639	-0.0237891445166757
RLG_AinsBYU209_Ava_chr5C-280548_TSD	1.568	0.012922889289198	-0.0227526265079934
RLG_AinsBYU209_Ava_chr5C-446732_TSD	1.814	0.0104778025315909	-0.0239204489207037
RLG_AinsBYU209_Ava_chr5C-534900_TSD	2.828	0.0141232079645324	-0.0207633072361531
RLG_AinsBYU209_Ava_chr6C-041554_TSD	1.443	0.0123662755931061	-0.0266135632956721
RLG_AinsBYU209_Ava_chr6C-222635_TSD	1.608	0.00794372998911492	-0.0241757742986122
RLG_AinsBYU209_Ava_chr6C-325650_TSD	1.965	0.0118219096204213	-0.0258263766780915
RLG_AinsBYU209_Ava_chr6C-326664_TSD	2.171	0.0113000198299142	-0.0257661337796394
RLG_AinsBYU209_Ava_chr6C-326857_TSD	2.116	0.0107396167687039	-0.0241246126581692
RLG_AinsBYU209_Ava_chr6C-327427_TSD	1.963	0.0109754437372253	-0.0264045619641824
RLG_AinsBYU209_Ava_chr6C-328092_TSD	2.489	0.0120881134803327	-0.0251823932152307
RLG_AinsBYU209_Ava_chr6C-328226_TSD	2.629	0.0114931749799443	-0.0255896198265031
RLG_AinsBYU209_Ava_chr6C-330892_TSD	1.805	0.00986442516984895	-0.0252385115304994
RLG_AinsBYU209_Ava_chr6C-344192_TSD	1.258	0.0120115380992249	-0.0255170985333863
RLG_AinsBYU209_Ava_chr6C-344538_TSD	1.098	0.0123209218913937	-0.0253441505236408
RLG_AinsBYU209_Ava_chr6C-345294_TSD	1.412	0.0139657352664063	-0.0269124867070158
RLG_AinsBYU209_Ava_chr6C-346060_TSD	1.659	0.0118582426200443	-0.0244058188080635
RLG_AinsBYU209_Ava_chr6C-348766_TSD	1.059	0.015647068841784	-0.0240386537331432
RLG_AinsBYU209_Ava_chr6C-352247_TSD	2.125	0.0141349806182766	-0.0251250442849518
RLG_AinsBYU209_Ava_chr6C-358439_TSD	1.765	0.013689126021925	-0.0250259892419389
RLG_AinsBYU209_Ava_chr6C-506220_TSD	1.768	0.0129662767696723	-0.0238169877424268
RLG_AinsBYU209_Ava_chr6D-008721_TSD	1.929	0.0140286299155763	-0.0248015939687503
RLG_AinsBYU209_Ava_chr7C-277562_TSD	1.669	0.0123718157188914	-0.0242077239559522
RLG_AinsBYU209_Ava_chr7C-277592_TSD	2.628	0.0136874013308925	-0.0226777733794902
RLG_AinsBYU209_Ava_chr7C-290400_TSD	1.806	0.0153697210691339	-0.0237664175896943
RLG_AinsBYU209_Ava_chr7C-301701_TSD	2.164	0.0119092446209383	-0.0248840736830933
RLG_AinsBYU209_Ava_chr7C-303771_TSD	2.911	0.0128729266985265	-0.0240850016248394
RLG_AinsBYU209_Ava_chr7C-303813_TSD	2.246	0.0129556562345485	-0.0249226662011171
RLG_AinsBYU209_Ava_chr7C-303976_TSD	1.984	0.0130529448175368	-0.0240668831203613
RLG_AinsBYU209_Ava_chr7C-304422_TSD	2.186	0.0135700037520028	-0.0240305782482601
RLG_AinsBYU209_Ava_chr7C-304649_TSD	1.796	0.013020195935094	-0.0232288792074139
RLG_AinsBYU209_Ava_chr7C-304881_TSD	2.245	0.0143383518902892	-0.0264300916352887
RLG_AinsBYU209_Ava_chr7C-305088_TSD	1.849	0.0130313530623114	-0.0228460572295001
RLG_AinsBYU209_Ava_chr7C-305796_TSD	2.002	0.0146954288170816	-0.0243229517538105
RLG_AinsBYU209_Ava_chr7C-306247_TSD	2.256	0.0146863881476881	-0.0232646274036564
RLG_AinsBYU209_Ava_chr7C-306476_TSD	2.421	0.0125462871531956	-0.0223856634523225
RLG_AinsBYU209_Ava_chr7C-307331_TSD	2.187	0.0132773488601147	-0.022197025361432
RLG_AinsBYU209_Ava_chr7C-307812_TSD	1.862	0.0170554879603286	-0.0238798270223166
RLG_AinsBYU209_Ava_chr7C-307978_TSD	2.036	0.0123935942320254	-0.025298545592577
RLG_AsatOT3098_Ava_chr1A-475739_TSD	1.797	0.00662932417878168	-0.0232506115004191
RLG_AsatOT3098_Ava_chr1C-223688_TSD	2.877	0.0139038069588847	-0.0221647392513827
RLG_AsatOT3098_Ava_chr1C-224112_TSD	2.725	0.0135644022242788	-0.0261792368617825
RLG_AsatOT3098_Ava_chr1C-228744_TSD	2.074	0.0130667961101716	-0.0236278649694115
RLG_AsatOT3098_Ava_chr1C-228911_TSD	1.592	0.0109265409443053	-0.0251840056925777
RLG_AsatOT3098_Ava_chr1C-229162_TSD	2.327	0.0146586924378673	-0.0226926863530333
RLG_AsatOT3098_Ava_chr1C-229849_TSD	2.039	0.0094176813775613	-0.0240424306437
RLG_AsatOT3098_Ava_chr1C-231857_TSD	3.658	0.0128080485679883	-0.0240084876937584
RLG_AsatOT3098_Ava_chr1C-232161_TSD	1.919	0.0114989976716797	-0.0252528754253477
RLG_AsatOT3098_Ava_chr1C-232272_TSD	2.21	0.0133107278240341	-0.0220120664721096
RLG_AsatOT3098_Ava_chr1C-232365_TSD	3.067	0.0149658797192198	-0.0260923731032552
RLG_AsatOT3098_Ava_chr1C-233782_TSD	2.846	0.0144119469275722	-0.0219522581342968
RLG_AsatOT3098_Ava_chr1C-234826_TSD	2.43	0.0132110860491427	-0.02294657672516
RLG_AsatOT3098_Ava_chr1C-235244_TSD	2.252	0.015227541485393	-0.0254111142648572
RLG_AsatOT3098_Ava_chr1C-238711_TSD	3.092	0.0161957355758518	-0.0211451757273353
RLG_AsatOT3098_Ava_chr1C-238813_TSD	1.999	0.0140828233269401	-0.021936008368043
RLG_AsatOT3098_Ava_chr1C-238998_TSD	2.041	0.0143911760033736	-0.0247008116115958
RLG_AsatOT3098_Ava_chr1C-239027_TSD	2.174	0.0146739074302466	-0.0236103778735162
RLG_AsatOT3098_Ava_chr1C-239054_TSD	2.32	0.0143790576375789	-0.0222479553681395
RLG_AsatOT3098_Ava_chr1C-239258_TSD	1.92	0.0147009342223484	-0.0225732740003418
RLG_AsatOT3098_Ava_chr1C-240006_TSD	2.914	0.014532412713601	-0.0241397836473409
RLG_AsatOT3098_Ava_chr1C-244524_TSD	2.484	0.0134000433875505	-0.0247694301453647
RLG_AsatOT3098_Ava_chr1C-270918_TSD	1.606	0.0145789537328314	-0.0227834816789344
RLG_AsatOT3098_Ava_chr1C-375182_TSD	2.09	0.0151325371045453	-0.0223763971433226
RLG_AsatOT3098_Ava_chr2C-117435_TSD	1.948	0.012662712157474	-0.0256690754887028
RLG_AsatOT3098_Ava_chr2C-207130_TSD	2.438	0.011559673085614	-0.0234628606986246
RLG_AsatOT3098_Ava_chr2C-215801_TSD	1.383	0.0121492312294731	-0.0251935586649079
RLG_AsatOT3098_Ava_chr2C-226813_TSD	1.992	0.0151147293195154	-0.0242218430970338
RLG_AsatOT3098_Ava_chr2C-226961_TSD	2.152	0.0141762699809888	-0.0238540543945008
RLG_AsatOT3098_Ava_chr2C-227047_TSD	1.395	0.012737005364498	-0.0267894434410346
RLG_AsatOT3098_Ava_chr2C-228734_TSD	2.863	0.01573096936616	-0.0257435117458004
RLG_AsatOT3098_Ava_chr2C-228749_TSD	2.643	0.0125690284240412	-0.0237096329695292
RLG_AsatOT3098_Ava_chr2C-228975_TSD	2.169	0.0118623742233415	-0.0251288739613339
RLG_AsatOT3098_Ava_chr2C-229155_TSD	3.138	0.0121680630913267	-0.022780229107428
RLG_AsatOT3098_Ava_chr2C-229528_TSD	1.91	0.0160037155565187	-0.0228317206271913
RLG_AsatOT3098_Ava_chr2C-229732_TSD	2.324	0.0133549138805612	-0.026186961694118
RLG_AsatOT3098_Ava_chr2C-230438_TSD	2.2	0.0147229306499703	-0.025149427720853
RLG_AsatOT3098_Ava_chr2C-230940_TSD	2.237	0.0138846351556707	-0.0254003975338128
RLG_AsatOT3098_Ava_chr2C-231159_TSD	2.001	0.00996831084191314	-0.0255783928443723
RLG_AsatOT3098_Ava_chr2C-232615_TSD	2.172	0.0143929933764183	-0.0237199320505981
RLG_AsatOT3098_Ava_chr2C-232884_TSD	2.223	0.0157573129711334	-0.025468201304466
RLG_AsatOT3098_Ava_chr2C-233028_TSD	2.329	0.0149187975464726	-0.0262805710950734
RLG_AsatOT3098_Ava_chr2C-233086_TSD	2.467	0.0140135916288454	-0.0214638367194985
RLG_AsatOT3098_Ava_chr2C-233130_TSD	2.056	0.0152532103882637	-0.0246223513980215
RLG_AsatOT3098_Ava_chr2C-233311_TSD	2.459	0.013862276320342	-0.02128904065138
RLG_AsatOT3098_Ava_chr2C-233353_TSD	1.93	0.0156531986515403	-0.0239771482920213
RLG_AsatOT3098_Ava_chr2C-234168_TSD	1.279	0.00981853628078174	-0.0258663824006102
RLG_AsatOT3098_Ava_chr2C-234380_TSD	2.489	0.0160857118445492	-0.0243157238546587
RLG_AsatOT3098_Ava_chr2C-234714_TSD	3.081	0.015069710428093	-0.022433702681844
RLG_AsatOT3098_Ava_chr2C-234851_TSD	1.674	0.0113400774051214	-0.0263137676121723
RLG_AsatOT3098_Ava_chr2C-235696_TSD	2.012	0.0160546091171372	-0.020704228899192
RLG_AsatOT3098_Ava_chr2C-236495_TSD	1.999	0.0168914478235586	-0.0239144230381573
RLG_AsatOT3098_Ava_chr2C-253095_TSD	1.89	0.013020494226416	-0.0239292841503808
RLG_AsatOT3098_Ava_chr2C-254100_TSD	0.87	0.010402247133887	-0.0251807904061935
RLG_AsatOT3098_Ava_chr2C-258045_TSD	2.199	0.012247473237773	-0.025144986449998
RLG_AsatOT3098_Ava_chr2C-260198_TSD	2.344	0.0116725704937993	-0.0251713783166059
RLG_AsatOT3098_Ava_chr2C-260383_TSD	2.622	0.0112345950710117	-0.0228416371498134
RLG_AsatOT3098_Ava_chr2C-403780_TSD	1.924	0.0139773374653909	-0.0261275667440558
RLG_AsatOT3098_Ava_chr2C-489581_TSD	1.845	0.0150613428854485	-0.022150260211491
RLG_AsatOT3098_Ava_chr2D-010138_TSD	1.895	0.0143128056475151	-0.0251300741972385
RLG_AsatOT3098_Ava_chr3C-001486_TSD	2.287	0.0143483783430265	-0.023126647847892
RLG_AsatOT3098_Ava_chr3C-103964_TSD	1.639	0.0125388843860224	-0.0250176628272609
RLG_AsatOT3098_Ava_chr3C-124100_TSD	0.932	0.00670525085967037	-0.0231854510367989
RLG_AsatOT3098_Ava_chr3C-131527_TSD	1.833	0.0145755552905524	-0.0262285844381504
RLG_AsatOT3098_Ava_chr3C-240345_TSD	1.587	0.00822067445534494	-0.0234202939618483
RLG_AsatOT3098_Ava_chr3C-240411_TSD	1.373	0.0118568151494231	-0.027166858753487
RLG_AsatOT3098_Ava_chr3C-243132_TSD	2.565	0.0156443168672041	-0.0248190788323372
RLG_AsatOT3098_Ava_chr3C-244327_TSD	2.053	0.015301415261102	-0.0236518954878738
RLG_AsatOT3098_Ava_chr3C-244672_TSD	1.933	0.015903054365233	-0.0230929120355461
RLG_AsatOT3098_Ava_chr3C-245531_TSD	1.954	0.0122827863730176	-0.0270736741205724
RLG_AsatOT3098_Ava_chr3C-338199_TSD	2.413	0.0155729785232468	-0.0251072885807489
RLG_AsatOT3098_Ava_chr3C-486936_TSD	1.022	0.0119098395696751	-0.025264091661061
RLG_AsatOT3098_Ava_chr3C-511132_TSD	1.225	0.0068918947574808	-0.0231181590332741
RLG_AsatOT3098_Ava_chr4C-358930_TSD	2.069	0.0139103554411649	-0.0210430606008542
RLG_AsatOT3098_Ava_chr4C-363495_TSD	1.355	0.0117194974826823	-0.0239744475943004
RLG_AsatOT3098_Ava_chr4C-364835_TSD	2.261	0.0113692387982262	-0.0238946962230613
RLG_AsatOT3098_Ava_chr4C-366222_TSD	2.398	0.0129163720033885	-0.0229280148749606
RLG_AsatOT3098_Ava_chr4C-366278_TSD	2.091	0.00936636481856518	-0.0254972743486067
RLG_AsatOT3098_Ava_chr4C-366512_TSD	2.051	0.0110122891862953	-0.0249254775569033
RLG_AsatOT3098_Ava_chr4C-366711_TSD	1.848	0.0135805115787397	-0.0240204884365538
RLG_AsatOT3098_Ava_chr4C-368450_TSD	1.79	0.0112621991645544	-0.0248329868246642
RLG_AsatOT3098_Ava_chr4C-369218_TSD	1.408	0.0147218296043998	-0.024128162171499
RLG_AsatOT3098_Ava_chr4C-579640_TSD	1.89	0.0143765343781042	-0.0253235725431557
RLG_AsatOT3098_Ava_chr4D-446805_TSD	1.233	0.009371726863587	-0.0252326674504087
RLG_AsatOT3098_Ava_chr4D-450282_TSD	2.188	0.0126593637321518	-0.0243023641198516
RLG_AsatOT3098_Ava_chr5C-010885_TSD	2.049	0.0138975635156807	-0.0253550369779495
RLG_AsatOT3098_Ava_chr5C-098436_TSD	1.317	0.00652455026272424	-0.0228718660671893
RLG_AsatOT3098_Ava_chr5C-222393_TSD	2.434	0.0137055054698046	-0.0246744164386322
RLG_AsatOT3098_Ava_chr5C-222759_TSD	2.998	0.0121554190651771	-0.024452235623217
RLG_AsatOT3098_Ava_chr5C-222952_TSD	2.685	0.0125889674306976	-0.0269920275798761
RLG_AsatOT3098_Ava_chr5C-223120_TSD	3.027	0.0137044743683986	-0.024287954265531
RLG_AsatOT3098_Ava_chr5C-224430_TSD	1.995	0.0111295884478517	-0.0261590623336774
RLG_AsatOT3098_Ava_chr5C-224519_TSD	1.28	0.0115913303061473	-0.0252685268723286
RLG_AsatOT3098_Ava_chr5C-224831_TSD	1.561	0.0133607707440281	-0.0243585610025603
RLG_AsatOT3098_Ava_chr5C-224968_TSD	2.313	0.0115352888308344	-0.0264649656735491
RLG_AsatOT3098_Ava_chr5C-225299_TSD	1.963	0.015673590643796	-0.0217751534658415
RLG_AsatOT3098_Ava_chr5C-225590_TSD	1.562	0.0116620251603853	-0.0255399890596552
RLG_AsatOT3098_Ava_chr5C-225682_TSD	1.754	0.0137281583616609	-0.0239910878069453
RLG_AsatOT3098_Ava_chr5C-226469_TSD	2.58	0.0141263281294528	-0.0225269746006346
RLG_AsatOT3098_Ava_chr5C-226679_TSD	2.714	0.0151702581711962	-0.022688788335168
RLG_AsatOT3098_Ava_chr5C-227967_TSD	2.209	0.0154186668308645	-0.0220583499036723
RLG_AsatOT3098_Ava_chr5C-228142_TSD	2.107	0.0119931711563232	-0.0226918556454198
RLG_AsatOT3098_Ava_chr5C-228334_TSD	1.542	0.0108419517061553	-0.0260401950862873
RLG_AsatOT3098_Ava_chr5C-228669_TSD	2.652	0.0174053515739384	-0.0215921654969723
RLG_AsatOT3098_Ava_chr5C-229052_TSD	2.92	0.0127159438192154	-0.0263346351688858
RLG_AsatOT3098_Ava_chr5C-231862_TSD	2.358	0.013897327585173	-0.0214468392705813
RLG_AsatOT3098_Ava_chr5C-234602_TSD	2.42	0.0144661344099185	-0.0233784997264886
RLG_AsatOT3098_Ava_chr5C-234898_TSD	2.129	0.0157396787755153	-0.0215866713339044
RLG_AsatOT3098_Ava_chr5C-235704_TSD	2.46	0.0157588771870637	-0.0253835074034862
RLG_AsatOT3098_Ava_chr5C-235957_TSD	2.007	0.0155267779371143	-0.0259203529981282
RLG_AsatOT3098_Ava_chr5C-236137_TSD	3.229	0.013911075248676	-0.0229434619031329
RLG_AsatOT3098_Ava_chr5C-237085_TSD	2.656	0.0139882211579865	-0.0236114637765503
RLG_AsatOT3098_Ava_chr5C-237276_TSD	2.33	0.0154917908668863	-0.0251597123575369
RLG_AsatOT3098_Ava_chr5C-238000_TSD	2.168	0.0121368221162842	-0.0258229305714851
RLG_AsatOT3098_Ava_chr5C-272220_TSD	2.011	0.0146272725831821	-0.0228190340868416
RLG_AsatOT3098_Ava_chr5C-304950_TSD	1.439	0.0131015731083976	-0.0230861528801256
RLG_AsatOT3098_Ava_chr5C-491493_TSD	1.855	0.00844363679690966	-0.0228540492101989
RLG_AsatOT3098_Ava_chr5C-492251_TSD	1.646	0.0127064008789767	-0.0251896954667801
RLG_AsatOT3098_Ava_chr6C-042860_TSD	1.206	0.0125507482683715	-0.0268416525287097
RLG_AsatOT3098_Ava_chr6C-238969_TSD	1.809	0.00783885987702356	-0.0239700835539816
RLG_AsatOT3098_Ava_chr6C-374731_TSD	2.046	0.0115705267547308	-0.0262864241295583
RLG_AsatOT3098_Ava_chr6C-375780_TSD	2.103	0.0107486699087653	-0.0235843671019112
RLG_AsatOT3098_Ava_chr6C-376511_TSD	1.808	0.011748174818925	-0.0262325741069345
RLG_AsatOT3098_Ava_chr6C-377371_TSD	2.525	0.0128397901475674	-0.0246177374700962
RLG_AsatOT3098_Ava_chr6C-377513_TSD	2.741	0.0120483349536167	-0.024014266612629
RLG_AsatOT3098_Ava_chr6C-380221_TSD	1.646	0.00996911367805946	-0.0254369144062703
RLG_AsatOT3098_Ava_chr6C-393900_TSD	1.498	0.0115916788660292	-0.0243752896020463
RLG_AsatOT3098_Ava_chr6C-394919_TSD	1.723	0.0123440980476728	-0.0245327607970769
RLG_AsatOT3098_Ava_chr6C-395977_TSD	1.593	0.0127823248056225	-0.0249308828844359
RLG_AsatOT3098_Ava_chr6C-402227_TSD	1.96	0.0141166639289887	-0.0251927062302684
RLG_AsatOT3098_Ava_chr6C-407575_TSD	1.806	0.0142736897714275	-0.0249618607565883
RLG_AsatOT3098_Ava_chr6C-575970_TSD	1.617	0.01439080735286	-0.0255041431137223
RLG_AsatOT3098_Ava_chr7C-004397_TSD	1.762	0.0146425341964936	-0.0233144786907012
RLG_AsatOT3098_Ava_chr7C-316946_TSD	1.916	0.0124640574339762	-0.0240386209861273
RLG_AsatOT3098_Ava_chr7C-316971_TSD	2.672	0.0139167432226884	-0.0225653303834091
RLG_AsatOT3098_Ava_chr7C-329851_TSD	2.663	0.0141880700114004	-0.0237028219186937
RLG_AsatOT3098_Ava_chr7C-329901_TSD	2.336	0.0150294840595177	-0.0226514439335088
RLG_AsatOT3098_Ava_chr7C-330177_TSD	1.968	0.0151239351971353	-0.0236820199892346
RLG_AsatOT3098_Ava_chr7C-346541_TSD	2.129	0.0123910930958091	-0.0258770930658455
RLG_AsatOT3098_Ava_chr7C-346772_TSD	2.489	0.0137556572649142	-0.0227505230587118
RLG_AsatOT3098_Ava_chr7C-346831_TSD	2.039	0.0149006063564163	-0.0235740906544382
RLG_AsatOT3098_Ava_chr7C-348633_TSD	2.903	0.0132296772035012	-0.0242513577611931
RLG_AsatOT3098_Ava_chr7C-348675_TSD	2.275	0.013086634404555	-0.0252173486881281
RLG_AsatOT3098_Ava_chr7C-348834_TSD	2.142	0.0125918878702595	-0.023837505728021
RLG_AsatOT3098_Ava_chr7C-349486_TSD	1.755	0.0132793630266757	-0.0234514675646895
RLG_AsatOT3098_Ava_chr7C-349718_TSD	2.242	0.0143271598790993	-0.0261850502917804
RLG_AsatOT3098_Ava_chr7C-350579_TSD	2.163	0.0151147882090538	-0.0233284698975137
RLG_AsatOT3098_Ava_chr7C-351060_TSD	2.38	0.0144276139436765	-0.0231450918224112
RLG_AsatOT3098_Ava_chr7C-351290_TSD	2.297	0.012400660251691	-0.0222503412271782
RLG_AsatOT3098_Ava_chr7C-352253_TSD	2.317	0.0127310844047957	-0.0222542647062514
RLG_AsatOT3098_Ava_chr7C-353022_TSD	1.916	0.0124707435445223	-0.0250723413743158
RLG_AsatOT3098_Ava_chr7C-353395_TSD	2.46	0.0140664324589087	-0.0227113845118518
