RLG_AeriBYU132Cp_Ava_chr1C-165854_TSD	2.789	0.0384470116636354	0.0784385146091009
RLG_AeriBYU132Cp_Ava_chr2C-295873_TSD	3.197	0.0372897649194817	0.0779372501243302
RLG_AeriBYU132Cp_Ava_chr4C-384539_TSD	2.193	0.0389281428900214	0.0790163897111478
RLG_AeriBYU132Cp_Ava_chr4C-392157_TSD	1.98	0.0361446882113944	0.0764929860356224
RLG_AeriBYU132Cp_Ava_chr4C-395555_TSD	2.821	0.0369553461263576	0.0790414296756151
RLG_AeriBYU132Cp_Ava_chr4C-396245_TSD	2.022	0.0372926800812277	0.0788662647038321
RLG_AeriBYU132Cp_Ava_chr6C-069197_TSD	3.217	0.0392006446310275	0.0766742554950343
RLG_AeriBYU132Cp_Ava_chr6C-164282_TSD	2.969	0.039833907115903	0.0781615075781582
RLG_AeriBYU132Cp_Ava_chr6C-179008_TSD	2.655	0.0374114869704999	0.0781427993575167
RLG_AeriBYU132Cp_Ava_chr6C-179271_TSD	2.45	0.0353391289763317	0.0748586220215869
RLG_AeriBYU132Cp_Ava_chr6C-186764_TSD	3.43	0.0388216079576173	0.0768153313050967
RLG_AeriBYU132Cp_Ava_chr6C-205244_TSD	1.07	0.0367922568037414	0.076264298641711
RLG_AeriBYU132Cp_Ava_chr6C-250283_TSD	2.053	0.0373840951133463	0.0790818596741278
RLG_AeriBYU132Cp_Ava_chr7C-066365_TSD	2.547	0.0388367496017607	0.0800859942563804
RLG_AeriBYU132Cp_Ava_chr7C-067118_TSD	2.279	0.0402464540178525	0.0828313481382692
RLG_AeriBYU132Cp_Ava_chr7C-067356_TSD	2.275	0.0369732316489306	0.0759187092675682
RLG_AeriBYU132Cp_Ava_chr7C-068465_TSD	2.317	0.0340147000762845	0.0769323082300869
RLG_AeriBYU132Cp_Ava_chr7C-072870_TSD	2.399	0.0367256287389995	0.0747047374725032
RLG_AeriBYU132Cp_Ava_chr7C-131441_TSD	1.811	0.0369695481486063	0.0771152327175859
RLG_AinsBYU209_Ava_chr1C-177652_TSD	1.656	0.0363685998084964	0.0799256908228518
RLG_AinsBYU209_Ava_chr1C-179554_TSD	2.311	0.0382541089682061	0.0815377376562875
RLG_AinsBYU209_Ava_chr1C-179982_TSD	2.854	0.0391880939956172	0.0822176484419231
RLG_AinsBYU209_Ava_chr1C-180919_TSD	2.535	0.0357935597444193	0.0784494221400175
RLG_AinsBYU209_Ava_chr2C-219671_TSD	2.361	0.0403681940541007	0.0823371456715717
RLG_AinsBYU209_Ava_chr3C-126121_TSD	3.271	0.0419423484023772	0.0812371122897634
RLG_AinsBYU209_Ava_chr3C-281708_TSD	1.784	0.0368014261060135	0.0771756486125589
RLG_AinsBYU209_Ava_chr3C-285301_TSD	2.796	0.0381388805744535	0.0773871743800753
RLG_AinsBYU209_Ava_chr4C-118731_TSD	2.156	0.0379901309970728	0.0792223349713172
RLG_AinsBYU209_Ava_chr4C-339026_TSD	2.782	0.0387936528264796	0.0805959934187773
RLG_AinsBYU209_Ava_chr4C-339225_TSD	1.221	0.0409828503880729	0.0832899942871459
RLG_AinsBYU209_Ava_chr4C-340695_TSD	2.363	0.0370649825835335	0.0752841612505479
RLG_AinsBYU209_Ava_chr4C-341907_TSD	2.787	0.0387725655841517	0.0756404980101266
RLG_AinsBYU209_Ava_chr4C-350769_TSD	1.949	0.0383862726340875	0.0796000242493552
RLG_AinsBYU209_Ava_chr5C-217159_TSD	1.744	0.0369967823293379	0.0807661976502566
RLG_AinsBYU209_Ava_chr5C-218430_TSD	2.469	0.0397462407764539	0.0813344180325814
RLG_AinsBYU209_Ava_chr5C-219799_TSD	3.521	0.0378659816956079	0.0794192364580051
RLG_AinsBYU209_Ava_chr5C-220621_TSD	3.488	0.0414304310745894	0.0827027295529006
RLG_AinsBYU209_Ava_chr5C-224012_TSD	2.357	0.034622514764877	0.0786113479370112
RLG_AinsBYU209_Ava_chr5C-224695_TSD	2.06	0.0378401886613895	0.0819817433778562
RLG_AinsBYU209_Ava_chr6C-325910_TSD	2.501	0.0367460462500783	0.0778527939224446
RLG_AinsBYU209_Ava_chr6C-339347_TSD	2.402	0.0404264926500938	0.0812925265078575
RLG_AinsBYU209_Ava_chr6C-344499_TSD	2.243	0.0367128674392197	0.0792164858383368
RLG_AinsBYU209_Ava_chr6C-352428_TSD	2.013	0.0375016061698694	0.0773624021639707
RLG_AinsBYU209_Ava_chr7C-143237_TSD	1.382	0.037959018832156	0.0779858267857182
RLG_AinsBYU209_Ava_chr7C-287647_TSD	1.836	0.0395064658747119	0.0785896724459917
RLG_AinsBYU209_Ava_chr7C-290176_TSD	2.107	0.0375082435408832	0.0798613641800355
RLG_AinsBYU209_Ava_chr7C-306903_TSD	2.621	0.0393057241295318	0.080584703463457
RLG_AsatOT3098_Ava_chr1C-231773_TSD	2.544	0.0357268562689348	0.0782960855837438
RLG_AsatOT3098_Ava_chr1C-232190_TSD	2.902	0.0395389894805542	0.0833813133242981
RLG_AsatOT3098_Ava_chr1C-271863_TSD	1.653	0.0363541576108292	0.075010163582532
RLG_AsatOT3098_Ava_chr2C-233449_TSD	1.908	0.0378109382146427	0.0816624314304052
RLG_AsatOT3098_Ava_chr2C-253179_TSD	2.322	0.0408048959457942	0.0812754969251996
RLG_AsatOT3098_Ava_chr3C-242336_TSD	1.669	0.0373081520529221	0.0780172026120571
RLG_AsatOT3098_Ava_chr3C-245067_TSD	2.797	0.0376143858970475	0.0780062450396087
RLG_AsatOT3098_Ava_chr3C-248489_TSD	2.213	0.0344103165818028	0.075779898540616
RLG_AsatOT3098_Ava_chr3C-446027_TSD	3.304	0.0419137121428864	0.0832654893107018
RLG_AsatOT3098_Ava_chr4C-363393_TSD	1.979	0.0397584312414783	0.0801140262601497
RLG_AsatOT3098_Ava_chr4C-368370_TSD	2.645	0.0385378538918877	0.0797468638176857
RLG_AsatOT3098_Ava_chr4C-368569_TSD	1.303	0.0414361611910985	0.0841550398214439
RLG_AsatOT3098_Ava_chr4C-371468_TSD	2.871	0.0390661854653062	0.0749573899369197
RLG_AsatOT3098_Ava_chr4C-372988_TSD	2.029	0.0386799556253176	0.0793115766028415
RLG_AsatOT3098_Ava_chr5C-225579_TSD	2.048	0.0411279140007222	0.0809682085282354
RLG_AsatOT3098_Ava_chr5C-226312_TSD	2.668	0.0401562295693445	0.0794871586419048
RLG_AsatOT3098_Ava_chr5C-227802_TSD	3.173	0.0388314623419142	0.0804555024870644
RLG_AsatOT3098_Ava_chr5C-227814_TSD	1.674	0.0367378712722276	0.0787952580694086
RLG_AsatOT3098_Ava_chr5C-228762_TSD	3.396	0.0409830771418853	0.0821356020736488
RLG_AsatOT3098_Ava_chr5C-232296_TSD	1.791	0.0345893464536941	0.0785815651069404
RLG_AsatOT3098_Ava_chr5C-232996_TSD	1.982	0.0376125926877389	0.0819711920497486
RLG_AsatOT3098_Ava_chr6C-375014_TSD	2.96	0.0360728616416901	0.077282447524148
RLG_AsatOT3098_Ava_chr6C-389119_TSD	2.151	0.0406274911329451	0.0808122986591997
RLG_AsatOT3098_Ava_chr6C-402392_TSD	2.02	0.0374638317507788	0.076604865101805
RLG_AsatOT3098_Ava_chr7C-155639_TSD	1.54	0.0388397353642868	0.0785234355393026
RLG_AsatOT3098_Ava_chr7C-327671_TSD	2.077	0.039560758556416	0.0785955139350319
RLG_AsatOT3098_Ava_chr7C-330408_TSD	2.234	0.037526037016109	0.0792595806826378
RLG_AsatOT3098_Ava_chr7C-351386_TSD	2.501	0.0397339781702429	0.082015626271312
