RLG_AeriBYU132Cp_Ava_chr1C-167512_TSD	1.764	-0.0302225097280585	0.00550057993500844
RLG_AeriBYU132Cp_Ava_chr1C-167901_TSD	1.69	-0.0259448359365159	0.00336257767390565
RLG_AeriBYU132Cp_Ava_chr1C-170305_TSD	1.612	-0.032019375546748	0.00487654226987747
RLG_AeriBYU132Cp_Ava_chr1C-171069_TSD	2.133	-0.0251912341604447	0.00217414356830462
RLG_AeriBYU132Cp_Ava_chr1C-171629_TSD	1.551	-0.0275756883200931	0.00446537931902903
RLG_AeriBYU132Cp_Ava_chr1C-171680_TSD	2.082	-0.0257592971223559	0.00531562053716059
RLG_AeriBYU132Cp_Ava_chr1C-172001_TSD	1.579	-0.0301575137348811	0.00502598247225323
RLG_AeriBYU132Cp_Ava_chr1C-172101_TSD	1.399	-0.0300404833370135	0.00471037908862925
RLG_AeriBYU132Cp_Ava_chr1C-172214_TSD	3.975	-0.0265258034674865	0.00396647882763884
RLG_AeriBYU132Cp_Ava_chr1C-172251_TSD	3.928	-0.0265291626469709	0.00397999303766546
RLG_AeriBYU132Cp_Ava_chr1C-172738_TSD	1.788	-0.0304221451608408	0.00581515334599262
RLG_AeriBYU132Cp_Ava_chr1C-172814_TSD	2.506	-0.0296210603354318	0.00554093941553439
RLG_AeriBYU132Cp_Ava_chr1C-172946_TSD	1.721	-0.0287006361391883	0.0038131673465322
RLG_AeriBYU132Cp_Ava_chr1C-173032_TSD	1.415	-0.02415851042268	0.00236452258234835
RLG_AeriBYU132Cp_Ava_chr1C-173883_TSD	1.639	-0.0287058970385046	0.00437435199616508
RLG_AeriBYU132Cp_Ava_chr1C-174112_TSD	1.265	-0.0308299150649852	0.00560749499631458
RLG_AeriBYU132Cp_Ava_chr1C-174130_TSD	1.599	-0.0286495106731432	0.00385068855870137
RLG_AeriBYU132Cp_Ava_chr1C-174254_TSD	0.896	-0.0294050293173885	0.00522551794438719
RLG_AeriBYU132Cp_Ava_chr1C-174293_TSD	2.031	-0.0222447582690434	0.00105900883470074
RLG_AeriBYU132Cp_Ava_chr1C-174527_TSD	1.516	-0.0274935949272867	0.00498216894284703
RLG_AeriBYU132Cp_Ava_chr1C-174627_TSD	1.565	-0.0306414081143013	0.00467513226502125
RLG_AeriBYU132Cp_Ava_chr1C-174683_TSD	1.32	-0.0305627412085358	0.00454628600946511
RLG_AeriBYU132Cp_Ava_chr1C-174741_TSD	1.714	-0.025830073986606	0.00313475637998279
RLG_AeriBYU132Cp_Ava_chr1C-174852_TSD	1.985	-0.0291948932654865	0.00455538971186962
RLG_AeriBYU132Cp_Ava_chr1C-175975_TSD	2.026	-0.0248019370862909	0.00168142892375276
RLG_AeriBYU132Cp_Ava_chr1C-176065_TSD	1.828	-0.0307602737444691	0.00521727124305991
RLG_AeriBYU132Cp_Ava_chr1C-176109_TSD	1.852	-0.0230032322660529	0.000804354527646647
RLG_AeriBYU132Cp_Ava_chr1C-177023_TSD	1.554	-0.0249875618224082	0.0015759687599494
RLG_AeriBYU132Cp_Ava_chr1C-177936_TSD	1.773	-0.0241373463252346	0.0015395734308464
RLG_AeriBYU132Cp_Ava_chr1C-177954_TSD	2.129	-0.0259637142053745	0.00276613378551753
RLG_AeriBYU132Cp_Ava_chr1C-178024_TSD	1.016	-0.0304730687055253	0.00464711381603824
RLG_AeriBYU132Cp_Ava_chr1C-178615_TSD	1.713	-0.024169265892375	0.000857520908222079
RLG_AeriBYU132Cp_Ava_chr1C-187196_TSD	2.022	-0.0261846785685946	0.00376237328635669
RLG_AeriBYU132Cp_Ava_chr1C-219238_TSD	1.08	-0.0278541580345225	0.00402590260482549
RLG_AeriBYU132Cp_Ava_chr1C-274974_TSD	0.896	-0.0308188256877037	0.00537388576993132
RLG_AeriBYU132Cp_Ava_chr1C-281457_TSD	1.401	-0.0297185941744268	0.00377633736742603
RLG_AeriBYU132Cp_Ava_chr1C-287196_TSD	1.323	-0.0283260915903108	0.00298389816258539
RLG_AeriBYU132Cp_Ava_chr1C-437486_TSD	1.339	-0.0298843659309707	0.00462491516210963
RLG_AeriBYU132Cp_Ava_chr1C-448870_TSD	1.432	-0.0297942997918074	0.00488873598575972
RLG_AeriBYU132Cp_Ava_chr1C-450447_TSD	1.126	-0.0291921799225022	0.00369593005962662
RLG_AeriBYU132Cp_Ava_chr1C-474952_TSD	1.755	-0.0260314838843972	0.00262989613809013
RLG_AeriBYU132Cp_Ava_chr1C-487647_TSD	0.991	-0.0310989245258271	0.00455284486530525
RLG_AeriBYU132Cp_Ava_chr1C-491060_TSD	1.245	-0.0294983599112827	0.00484345485531279
RLG_AeriBYU132Cp_Ava_chr1C-507075_TSD	1.127	-0.0289248678479152	0.00562683967837721
RLG_AeriBYU132Cp_Ava_chr1C-508283_TSD	0.487	-0.0295232049720347	0.00373453948197046
RLG_AeriBYU132Cp_Ava_chr2C-095754_TSD	0.768	-0.027624535527474	0.00303352639357334
RLG_AeriBYU132Cp_Ava_chr2C-107356_TSD	1.507	-0.0299037743648599	0.00565905479440725
RLG_AeriBYU132Cp_Ava_chr2C-112618_TSD	1.164	-0.0294329795278675	0.00494648839301343
RLG_AeriBYU132Cp_Ava_chr2C-167172_TSD	1.088	-0.0311120213149504	0.00673852372019091
RLG_AeriBYU132Cp_Ava_chr2C-188657_TSD	1.413	-0.028772730727338	0.00369760959278615
RLG_AeriBYU132Cp_Ava_chr2C-206154_TSD	1.435	-0.0297195713976645	0.00443419207817633
RLG_AeriBYU132Cp_Ava_chr2C-244887_TSD	1.737	-0.0225191545518459	0.00394313470860911
RLG_AeriBYU132Cp_Ava_chr2C-245589_TSD	2.624	-0.0251452792127561	0.00378374381249443
RLG_AeriBYU132Cp_Ava_chr2C-267974_TSD	1.371	-0.0289832087684244	0.00415239951730999
RLG_AeriBYU132Cp_Ava_chr2C-268418_TSD	2.376	-0.025734988754398	0.00340785041186465
RLG_AeriBYU132Cp_Ava_chr2C-268745_TSD	2.46	-0.0267501643162513	0.00478768176720308
RLG_AeriBYU132Cp_Ava_chr2C-270210_TSD	1.736	-0.0302588502549906	0.00435808223709125
RLG_AeriBYU132Cp_Ava_chr2C-270333_TSD	1.668	-0.0255198365132594	0.00262677802210288
RLG_AeriBYU132Cp_Ava_chr2C-270554_TSD	2.034	-0.0249590904343855	0.00130180552662856
RLG_AeriBYU132Cp_Ava_chr2C-270991_TSD	1.909	-0.0254986349275979	0.0017785449504078
RLG_AeriBYU132Cp_Ava_chr2C-271049_TSD	2.065	-0.0291634962119215	0.0046532966496448
RLG_AeriBYU132Cp_Ava_chr2C-271251_TSD	1.564	-0.0300204736419095	0.0050711704630912
RLG_AeriBYU132Cp_Ava_chr2C-271467_TSD	1.728	-0.0297011219115596	0.00564243669069432
RLG_AeriBYU132Cp_Ava_chr2C-271678_TSD	1.617	-0.0278224741872315	0.00408212114850543
RLG_AeriBYU132Cp_Ava_chr2C-272004_TSD	1.435	-0.0232199402336556	0.00192429651391661
RLG_AeriBYU132Cp_Ava_chr2C-272030_TSD	1.492	-0.0271248881511869	0.00545760269589056
RLG_AeriBYU132Cp_Ava_chr2C-272076_TSD	1.493	-0.02791668593101	0.00411451111866671
RLG_AeriBYU132Cp_Ava_chr2C-272219_TSD	1.328	-0.0275711454360331	0.00474592590970593
RLG_AeriBYU132Cp_Ava_chr2C-272245_TSD	1.691	-0.0291705570106151	0.00649193286501697
RLG_AeriBYU132Cp_Ava_chr2C-272377_TSD	1.744	-0.0293421564977669	0.00341298529502425
RLG_AeriBYU132Cp_Ava_chr2C-272527_TSD	1.389	-0.0287350290823704	0.00423086528846386
RLG_AeriBYU132Cp_Ava_chr2C-272625_TSD	2.05	-0.0240690484951267	0.00275162159509103
RLG_AeriBYU132Cp_Ava_chr2C-273523_TSD	1.545	-0.0258953318682716	0.00247693874390716
RLG_AeriBYU132Cp_Ava_chr2C-273853_TSD	1.594	-0.0255776313608386	0.00308873493221291
RLG_AeriBYU132Cp_Ava_chr2C-274199_TSD	1.34	-0.0300251943354322	0.00642649900322409
RLG_AeriBYU132Cp_Ava_chr2C-274631_TSD	1.997	-0.022318946782892	0.000848785314881474
RLG_AeriBYU132Cp_Ava_chr2C-275034_TSD	1.582	-0.0271123489050704	0.00338496728245459
RLG_AeriBYU132Cp_Ava_chr2C-275235_TSD	0.147	-0.029336036894317	0.00516607974695902
RLG_AeriBYU132Cp_Ava_chr2C-275243_TSD	0.073	-0.0294063548428167	0.00512497394429608
RLG_AeriBYU132Cp_Ava_chr2C-275994_TSD	3.469	-0.0291939542874053	0.00440464945285394
RLG_AeriBYU132Cp_Ava_chr2C-276621_TSD	1.366	-0.0225912207890309	0.000899319795091164
RLG_AeriBYU132Cp_Ava_chr2C-276894_TSD	1.467	-0.0298634456886099	0.00447755357819521
RLG_AeriBYU132Cp_Ava_chr2C-277300_TSD	1.761	-0.0262794647948276	0.0020344966126212
RLG_AeriBYU132Cp_Ava_chr2C-277386_TSD	1.407	-0.0273246958445355	0.00365449454999428
RLG_AeriBYU132Cp_Ava_chr2C-286142_TSD	1.76	-0.0239697760953889	0.00335720442806024
RLG_AeriBYU132Cp_Ava_chr2C-315561_TSD	1.388	-0.0270851789473128	0.00240905797324804
RLG_AeriBYU132Cp_Ava_chr2C-322654_TSD	1.344	-0.0288410801310181	0.00549602514306679
RLG_AeriBYU132Cp_Ava_chr2C-386231_TSD	1.435	-0.0283976736169163	0.00385558623202584
RLG_AeriBYU132Cp_Ava_chr2C-454103_TSD	1.331	-0.0281248521529245	0.00436553254953569
RLG_AeriBYU132Cp_Ava_chr2C-464699_TSD	1.372	-0.0273826983537258	0.00343148438876077
RLG_AeriBYU132Cp_Ava_chr2C-465790_TSD	1.509	-0.0265845059726924	0.00405184989928718
RLG_AeriBYU132Cp_Ava_chr3C-016339_TSD	1.5	-0.0245644860603161	0.00270473514607712
RLG_AeriBYU132Cp_Ava_chr3C-035770_TSD	2.161	-0.0279941623372341	0.00375588577974847
RLG_AeriBYU132Cp_Ava_chr3C-050457_TSD	1.38	-0.0267018208414886	0.00200038050458347
RLG_AeriBYU132Cp_Ava_chr3C-096387_TSD	1.749	-0.0266938807300422	0.00276483436626854
RLG_AeriBYU132Cp_Ava_chr3C-120240_TSD	1.865	-0.0252799752485768	0.00302023464523955
RLG_AeriBYU132Cp_Ava_chr3C-122173_TSD	1.242	-0.0249527927653777	0.00225849047666964
RLG_AeriBYU132Cp_Ava_chr3C-127238_TSD	0.877	-0.0323892184517364	0.00487347020608825
RLG_AeriBYU132Cp_Ava_chr3C-138531_TSD	1.584	-0.0269646291653176	0.0054134631804942
RLG_AeriBYU132Cp_Ava_chr3C-143782_TSD	1.132	-0.0242894372490725	0.000763644851876408
RLG_AeriBYU132Cp_Ava_chr3C-203433_TSD	1.306	-0.0303573633933428	0.00375786356805875
RLG_AeriBYU132Cp_Ava_chr3C-303264_TSD	2.119	-0.02635908191048	0.00327043947577691
RLG_AeriBYU132Cp_Ava_chr3C-372235_TSD	1.588	-0.0263070197210167	0.00111175244378285
RLG_AeriBYU132Cp_Ava_chr3C-372321_TSD	1.118	-0.0289521419461476	0.00344608279213105
RLG_AeriBYU132Cp_Ava_chr3C-372460_TSD	2.374	-0.0248818947174874	0.0033986589382215
RLG_AeriBYU132Cp_Ava_chr3C-372573_TSD	1.743	-0.0255520278666636	0.00467023566221385
RLG_AeriBYU132Cp_Ava_chr3C-372853_TSD	1.184	-0.0274707406864435	0.0036309550170537
RLG_AeriBYU132Cp_Ava_chr3C-373786_TSD	0.839	-0.0296655745251248	0.00323961442435895
RLG_AeriBYU132Cp_Ava_chr3C-374028_TSD	0.919	-0.0296047827771185	0.00438998712547299
RLG_AeriBYU132Cp_Ava_chr3C-374466_TSD	2.342	-0.0232488822364944	0.00348655564577368
RLG_AeriBYU132Cp_Ava_chr3C-374537_TSD	1.72	-0.0300701341068934	0.00435881193487325
RLG_AeriBYU132Cp_Ava_chr3C-374960_TSD	1.452	-0.0288946838732289	0.00671824487904481
RLG_AeriBYU132Cp_Ava_chr3C-375020_TSD	1.555	-0.0288654824541656	0.0054986652780058
RLG_AeriBYU132Cp_Ava_chr3C-375537_TSD	1.405	-0.0286028203849433	0.00377382737927828
RLG_AeriBYU132Cp_Ava_chr3C-376074_TSD	1.496	-0.0247439693257124	0.00567597965545054
RLG_AeriBYU132Cp_Ava_chr3C-376591_TSD	1.212	-0.0303940296873772	0.00429265402261018
RLG_AeriBYU132Cp_Ava_chr3C-376890_TSD	0.652	-0.0296272292169166	0.00327733916268423
RLG_AeriBYU132Cp_Ava_chr3C-377396_TSD	1.839	-0.02996919675523	0.00592286955480072
RLG_AeriBYU132Cp_Ava_chr3C-378336_TSD	1.44	-0.0288101644947897	0.00510875811423746
RLG_AeriBYU132Cp_Ava_chr3C-379330_TSD	1.523	-0.0297899477275603	0.00405625028025249
RLG_AeriBYU132Cp_Ava_chr3C-380889_TSD	0.989	-0.029453498875531	0.00489361465613291
RLG_AeriBYU132Cp_Ava_chr3C-382243_TSD	1.283	-0.0302839307775098	0.00494043100959719
RLG_AeriBYU132Cp_Ava_chr3C-382819_TSD	1.841	-0.0277520265089579	0.00255517643008729
RLG_AeriBYU132Cp_Ava_chr3C-385137_TSD	1.342	-0.0312129863691637	0.00514580491300708
RLG_AeriBYU132Cp_Ava_chr3C-385660_TSD	1.672	-0.0287282127302759	0.0048989881517725
RLG_AeriBYU132Cp_Ava_chr3C-385767_TSD	2.205	-0.0245099969734305	0.00237818921763537
RLG_AeriBYU132Cp_Ava_chr3C-386462_TSD	2.027	-0.0304565619647508	0.0060150728022369
RLG_AeriBYU132Cp_Ava_chr3C-387107_TSD	1.943	-0.0289780936327062	0.00351945937482548
RLG_AeriBYU132Cp_Ava_chr3C-387722_TSD	1.714	-0.0266852878435719	0.00323333734264888
RLG_AeriBYU132Cp_Ava_chr3C-416988_TSD	1.964	-0.0283116296958145	0.00284412689747489
RLG_AeriBYU132Cp_Ava_chr3C-420654_TSD	1.254	-0.032147792119126	0.00461185173307123
RLG_AeriBYU132Cp_Ava_chr3C-491470_TSD	1.494	-0.0238217952862302	0.00215147316590382
RLG_AeriBYU132Cp_Ava_chr3C-501697_TSD	1.949	-0.0230966564495428	0.00240593872425187
RLG_AeriBYU132Cp_Ava_chr3C-544866_TSD	1.499	-0.0315411657134837	0.00544247079486634
RLG_AeriBYU132Cp_Ava_chr4C-104600_TSD	2.03	-0.0256908909501056	0.00374136883281405
RLG_AeriBYU132Cp_Ava_chr4C-189995_TSD	1.093	-0.028944991641283	0.00288527886481481
RLG_AeriBYU132Cp_Ava_chr4C-203336_TSD	1.6	-0.0285871794446472	0.00686727867055751
RLG_AeriBYU132Cp_Ava_chr4C-225547_TSD	1.2	-0.027546858780571	0.0039228835992697
RLG_AeriBYU132Cp_Ava_chr4C-379183_TSD	2.249	-0.0293173019601441	0.00565217459616755
RLG_AeriBYU132Cp_Ava_chr4C-383491_TSD	1.394	-0.0280006975025635	0.00304896882512346
RLG_AeriBYU132Cp_Ava_chr4C-383546_TSD	2.287	-0.028055504549242	0.00298100274622721
RLG_AeriBYU132Cp_Ava_chr4C-384991_TSD	1.383	-0.0282455862055776	0.002797194720038
RLG_AeriBYU132Cp_Ava_chr4C-385449_TSD	1.496	-0.0248999565623401	0.00144244064528066
RLG_AeriBYU132Cp_Ava_chr4C-385524_TSD	2.133	-0.0238212671906423	0.00281215991077359
RLG_AeriBYU132Cp_Ava_chr4C-385899_TSD	1.673	-0.0289016678179747	0.00345876365969976
RLG_AeriBYU132Cp_Ava_chr4C-385992_TSD	1.556	-0.0280935648424014	0.00454240396240654
RLG_AeriBYU132Cp_Ava_chr4C-386067_TSD	1.351	-0.0288916927239305	0.00580990026499382
RLG_AeriBYU132Cp_Ava_chr4C-386154_TSD	1.585	-0.0293344814316354	0.00390924403505408
RLG_AeriBYU132Cp_Ava_chr4C-386549_TSD	1.159	-0.0289233754993024	0.0027854443945705
RLG_AeriBYU132Cp_Ava_chr4C-386586_TSD	1.502	-0.0262618642988239	0.00317528131308252
RLG_AeriBYU132Cp_Ava_chr4C-386650_TSD	1.551	-0.0258920668315552	0.00119169322964838
RLG_AeriBYU132Cp_Ava_chr4C-386688_TSD	1.96	-0.0280716881134186	0.003138706675062
RLG_AeriBYU132Cp_Ava_chr4C-387961_TSD	1.551	-0.0223950126567744	0.00110892312108779
RLG_AeriBYU132Cp_Ava_chr4C-388236_TSD	1.173	-0.0279820471953091	0.00240474150101535
RLG_AeriBYU132Cp_Ava_chr4C-388413_TSD	1.743	-0.0290730438451979	0.00486786602875144
RLG_AeriBYU132Cp_Ava_chr4C-389506_TSD	1.271	-0.0295573875527408	0.00443745648993786
RLG_AeriBYU132Cp_Ava_chr4C-389635_TSD	0.998	-0.0276873006228177	0.00427704664102874
RLG_AeriBYU132Cp_Ava_chr4C-389661_TSD	1.819	-0.0283675477174858	0.0029591165831007
RLG_AeriBYU132Cp_Ava_chr4C-389794_TSD	1.176	-0.0270143551686238	0.00296527199060002
RLG_AeriBYU132Cp_Ava_chr4C-390589_TSD	1.648	-0.024682228829	0.00268333940715607
RLG_AeriBYU132Cp_Ava_chr4C-390656_TSD	1.294	-0.0242512306893467	0.000128042154836021
RLG_AeriBYU132Cp_Ava_chr4C-390814_TSD	1.903	-0.0246347435972882	0.00299464631237908
RLG_AeriBYU132Cp_Ava_chr4C-391026_TSD	1.888	-0.025068697259252	0.000734928827970251
RLG_AeriBYU132Cp_Ava_chr4C-391969_TSD	1.764	-0.0275406039934751	0.00275463929929053
RLG_AeriBYU132Cp_Ava_chr4C-392065_TSD	1.73	-0.0249286967338905	0.00328705412666422
RLG_AeriBYU132Cp_Ava_chr4C-392647_TSD	1.798	-0.0253619610940819	0.00125712876522728
RLG_AeriBYU132Cp_Ava_chr4C-393315_TSD	1.776	-0.0241933959958351	0.00058668490374635
RLG_AeriBYU132Cp_Ava_chr4C-393690_TSD	2.182	-0.0243463437179425	0.00313677425103956
RLG_AeriBYU132Cp_Ava_chr4C-395582_TSD	1.291	-0.025949488872414	0.00234185498682466
RLG_AeriBYU132Cp_Ava_chr4C-401359_TSD	1.983	-0.0254758632786458	0.00159398250123407
RLG_AeriBYU132Cp_Ava_chr4C-410254_TSD	1.836	-0.0237963188088196	0.00186525152920913
RLG_AeriBYU132Cp_Ava_chr4C-417494_TSD	0.968	-0.0269933637792975	0.00265303159131785
RLG_AeriBYU132Cp_Ava_chr4C-432954_TSD	1.685	-0.0283672600761052	0.00652741557665818
RLG_AeriBYU132Cp_Ava_chr4C-480069_TSD	1.419	-0.0290343813253954	0.00366437510022069
RLG_AeriBYU132Cp_Ava_chr4C-523564_TSD	1.729	-0.0256298065214258	0.00206090062570382
RLG_AeriBYU132Cp_Ava_chr4C-547753_TSD	1.316	-0.0294306246550161	0.00362670628280156
RLG_AeriBYU132Cp_Ava_chr5C-007304_TSD	1.186	-0.030702636290099	0.00547460323830614
RLG_AeriBYU132Cp_Ava_chr5C-028515_TSD	1.76	-0.029613535590782	0.00520110821743889
RLG_AeriBYU132Cp_Ava_chr5C-075084_TSD	1.099	-0.0299426901601858	0.00372787405000763
RLG_AeriBYU132Cp_Ava_chr5C-128512_TSD	1.228	-0.0273688062317626	0.00371290425698619
RLG_AeriBYU132Cp_Ava_chr5C-141806_TSD	1.433	-0.0278609496808502	0.00252597595841512
RLG_AeriBYU132Cp_Ava_chr5C-208065_TSD	1.172	-0.0284210063351897	0.00341582392033147
RLG_AeriBYU132Cp_Ava_chr5C-215646_TSD	1.403	-0.0309256877814049	0.00688546363583793
RLG_AeriBYU132Cp_Ava_chr5C-217387_TSD	1.175	-0.0273872433415196	0.00379031145889196
RLG_AeriBYU132Cp_Ava_chr5C-250061_TSD	1.09	-0.0269783598035492	0.00403763186838485
RLG_AeriBYU132Cp_Ava_chr5C-273267_TSD	1.315	-0.0311901587993453	0.00525549220361817
RLG_AeriBYU132Cp_Ava_chr5C-326259_TSD	1.601	-0.0303607183874663	0.00486873236053229
RLG_AeriBYU132Cp_Ava_chr5C-355195_TSD	1.826	-0.025324603669327	0.00253239006559065
RLG_AeriBYU132Cp_Ava_chr5C-355340_TSD	1.097	-0.0251952675332936	0.00252732621877522
RLG_AeriBYU132Cp_Ava_chr5C-355712_TSD	2.09	-0.0233178305659563	0.000313733735640332
RLG_AeriBYU132Cp_Ava_chr5C-355923_TSD	1.885	-0.0249980047110705	0.00335993917201544
RLG_AeriBYU132Cp_Ava_chr5C-356822_TSD	2.483	-0.024906423115033	0.000780039126393953
RLG_AeriBYU132Cp_Ava_chr5C-356857_TSD	2.093	-0.024601796592951	0.00205488880124156
RLG_AeriBYU132Cp_Ava_chr5C-356908_TSD	1.986	-0.0245793863551432	0.00325926708052562
RLG_AeriBYU132Cp_Ava_chr5C-357220_TSD	0.502	-0.0297937021036577	0.00404787579553337
RLG_AeriBYU132Cp_Ava_chr5C-357242_TSD	1.575	-0.0238027937468609	0.00257528381481263
RLG_AeriBYU132Cp_Ava_chr5C-357264_TSD	1.62	-0.0297193791840899	0.0046950210046117
RLG_AeriBYU132Cp_Ava_chr5C-358014_TSD	1.162	-0.0316132002858481	0.00533720284987659
RLG_AeriBYU132Cp_Ava_chr5C-358320_TSD	1.375	-0.0240299538808864	0.00197545546360059
RLG_AeriBYU132Cp_Ava_chr5C-359152_TSD	1.922	-0.0248944200955842	0.00393766432064766
RLG_AeriBYU132Cp_Ava_chr5C-359284_TSD	1.723	-0.0266179468265953	0.00371461445025344
RLG_AeriBYU132Cp_Ava_chr5C-361444_TSD	3.617	-0.0292247379796465	0.00485427917894468
RLG_AeriBYU132Cp_Ava_chr5C-361578_TSD	2.372	-0.0238816792582922	0.000881132873591713
RLG_AeriBYU132Cp_Ava_chr5C-361840_TSD	1.792	-0.0299761770320107	0.0040265999106812
RLG_AeriBYU132Cp_Ava_chr5C-361957_TSD	1.439	-0.0283071543597585	0.00356155912826743
RLG_AeriBYU132Cp_Ava_chr5C-362284_TSD	1.651	-0.0271221542272051	0.00277078578436039
RLG_AeriBYU132Cp_Ava_chr5C-363198_TSD	1.293	-0.0279088723770818	0.00302697808488062
RLG_AeriBYU132Cp_Ava_chr5C-363584_TSD	1.5	-0.026089397183855	0.00097979333418142
RLG_AeriBYU132Cp_Ava_chr5C-363627_TSD	0.863	-0.0273648028456904	0.00287513692189407
RLG_AeriBYU132Cp_Ava_chr5C-364000_TSD	1.956	-0.0279170948352531	0.00303202979744642
RLG_AeriBYU132Cp_Ava_chr5C-364151_TSD	1.366	-0.0291833422566947	0.00375567875801532
RLG_AeriBYU132Cp_Ava_chr5C-365049_TSD	1.291	-0.0276148284916799	0.00190118438361534
RLG_AeriBYU132Cp_Ava_chr5C-365241_TSD	2.205	-0.0248358985492409	0.00189062371744717
RLG_AeriBYU132Cp_Ava_chr5C-365612_TSD	1.98	-0.0273924770803023	0.00342809551724844
RLG_AeriBYU132Cp_Ava_chr5C-365641_TSD	1.53	-0.0256394921408987	0.00217768173002799
RLG_AeriBYU132Cp_Ava_chr5C-365878_TSD	2.627	-0.0257658060739326	0.00189604018936365
RLG_AeriBYU132Cp_Ava_chr5C-366570_TSD	3.479	-0.0271676010719846	0.00168270014520141
RLG_AeriBYU132Cp_Ava_chr5C-367576_TSD	1.711	-0.0249255336040258	0.00227470860940754
RLG_AeriBYU132Cp_Ava_chr5C-367742_TSD	1.995	-0.0275253781228726	0.00501113029933286
RLG_AeriBYU132Cp_Ava_chr5C-367769_TSD	1.655	-0.0274492935329489	0.00554832295873749
RLG_AeriBYU132Cp_Ava_chr5C-367956_TSD	1.319	-0.0234052523498313	0.000914176722395881
RLG_AeriBYU132Cp_Ava_chr5C-368030_TSD	1.297	-0.0288172221302426	0.00536136977236226
RLG_AeriBYU132Cp_Ava_chr5C-368160_TSD	2.265	-0.0279897603526765	0.00342259719478216
RLG_AeriBYU132Cp_Ava_chr5C-368760_TSD	3.269	-0.0267966830905561	0.00402634958331571
RLG_AeriBYU132Cp_Ava_chr5C-368822_TSD	2.066	-0.029219528297914	0.00584315883185194
RLG_AeriBYU132Cp_Ava_chr5C-368939_TSD	1.979	-0.0300255587802167	0.00447661180017894
RLG_AeriBYU132Cp_Ava_chr5C-369077_TSD	1.795	-0.0277551779319392	0.00410888040948497
RLG_AeriBYU132Cp_Ava_chr5C-369465_TSD	2.081	-0.0239540157911791	0.00207459798395913
RLG_AeriBYU132Cp_Ava_chr5C-369637_TSD	2.472	-0.0236866880540515	0.00155264698586485
RLG_AeriBYU132Cp_Ava_chr5C-372628_TSD	1.564	-0.0275253813781211	0.00301035711823998
RLG_AeriBYU132Cp_Ava_chr5C-452704_TSD	1.439	-0.0283537203522314	0.00589834393948064
RLG_AeriBYU132Cp_Ava_chr6C-041977_TSD	1.818	-0.0268251019613123	0.00431173923067837
RLG_AeriBYU132Cp_Ava_chr6C-042264_TSD	0.956	-0.0285934324633027	0.00350760749212496
RLG_AeriBYU132Cp_Ava_chr6C-054337_TSD	1.322	-0.0292778218630394	0.00373429656155914
RLG_AeriBYU132Cp_Ava_chr6C-110025_TSD	2.061	-0.0278638755815749	0.00436123817014786
RLG_AeriBYU132Cp_Ava_chr6C-121337_TSD	1.831	-0.0280646365818958	0.0040181061876015
RLG_AeriBYU132Cp_Ava_chr6C-165596_TSD	2.508	-0.0249576818931038	0.00496396381854751
RLG_AeriBYU132Cp_Ava_chr6C-167004_TSD	1.518	-0.0249559381987622	0.00423833198225234
RLG_AeriBYU132Cp_Ava_chr6C-168486_TSD	1.346	-0.023084841572634	0.00170166435485169
RLG_AeriBYU132Cp_Ava_chr6C-173956_TSD	2.069	-0.0241508929899282	0.00333174664475567
RLG_AeriBYU132Cp_Ava_chr6C-174066_TSD	1.487	-0.0282380783130389	0.00201196490130679
RLG_AeriBYU132Cp_Ava_chr6C-174315_TSD	1.198	-0.0258146234681296	0.00249019805814564
RLG_AeriBYU132Cp_Ava_chr6C-174822_TSD	1.303	-0.02921593912694	0.00393971684753638
RLG_AeriBYU132Cp_Ava_chr6C-175021_TSD	1.722	-0.0293814711653909	0.00451413695904835
RLG_AeriBYU132Cp_Ava_chr6C-176414_TSD	0.526	-0.0256016258292027	0.00266781850960348
RLG_AeriBYU132Cp_Ava_chr6C-176422_TSD	1.21	-0.0264159136939586	0.00351381337766654
RLG_AeriBYU132Cp_Ava_chr6C-176911_TSD	1.986	-0.0235797605320895	0.00251086689902342
RLG_AeriBYU132Cp_Ava_chr6C-176927_TSD	1.472	-0.0287840295889387	0.00345383316585099
RLG_AeriBYU132Cp_Ava_chr6C-177081_TSD	1.743	-0.0272482034032047	0.00388883153523236
RLG_AeriBYU132Cp_Ava_chr6C-177345_TSD	1.957	-0.0247722446373736	0.00176704766454966
RLG_AeriBYU132Cp_Ava_chr6C-178069_TSD	2.035	-0.0260865612029668	0.00327177507911151
RLG_AeriBYU132Cp_Ava_chr6C-178712_TSD	3.749	-0.0272992634326854	0.00363212669899116
RLG_AeriBYU132Cp_Ava_chr6C-178778_TSD	1.695	-0.0270956415414555	0.0048245425161939
RLG_AeriBYU132Cp_Ava_chr6C-178876_TSD	1.383	-0.0281735772696794	0.00353546342942641
RLG_AeriBYU132Cp_Ava_chr6C-179336_TSD	2.303	-0.0266835564987763	0.0052707254926851
RLG_AeriBYU132Cp_Ava_chr6C-216772_TSD	1.629	-0.0245505315733634	0.0048283195172504
RLG_AeriBYU132Cp_Ava_chr6C-249326_TSD	1.282	-0.0292285194612196	0.00455647720234394
RLG_AeriBYU132Cp_Ava_chr6C-345124_TSD	1.587	-0.0267253791778489	0.00266825468187381
RLG_AeriBYU132Cp_Ava_chr6C-353772_TSD	1.5	-0.0239783848514976	0.000732025603071379
RLG_AeriBYU132Cp_Ava_chr6C-406402_TSD	1.035	-0.0300504331552492	0.00364846745811665
RLG_AeriBYU132Cp_Ava_chr6C-421569_TSD	1.582	-0.0277246078665436	0.00369253695992681
RLG_AeriBYU132Cp_Ava_chr6C-492809_TSD	1.378	-0.0306107617503046	0.00425992606055327
RLG_AeriBYU132Cp_Ava_chr7C-024605_TSD	2.291	-0.0238144687875509	0.00101597111617315
RLG_AeriBYU132Cp_Ava_chr7C-047904_TSD	1.971	-0.0242426762088612	0.00358911640274783
RLG_AeriBYU132Cp_Ava_chr7C-051235_TSD	1.673	-0.0308167982764478	0.00503248166290734
RLG_AeriBYU132Cp_Ava_chr7C-053208_TSD	2.37	-0.0254526197414588	0.00482076498904048
RLG_AeriBYU132Cp_Ava_chr7C-053245_TSD	2.124	-0.0249979824113818	0.00250921800087649
RLG_AeriBYU132Cp_Ava_chr7C-053269_TSD	2.11	-0.025980741637413	0.0038462283052721
RLG_AeriBYU132Cp_Ava_chr7C-053579_TSD	1.523	-0.0259403072675663	0.00512086029019027
RLG_AeriBYU132Cp_Ava_chr7C-054271_TSD	2.002	-0.0256776894195028	0.00494426719356472
RLG_AeriBYU132Cp_Ava_chr7C-054299_TSD	2.357	-0.0240793473087405	0.00457278016271114
RLG_AeriBYU132Cp_Ava_chr7C-054520_TSD	2.135	-0.0260677506858394	0.00413625469898732
RLG_AeriBYU132Cp_Ava_chr7C-054673_TSD	2.242	-0.0261107330442678	0.00382247760437544
RLG_AeriBYU132Cp_Ava_chr7C-055224_TSD	2.095	-0.0308446596985711	0.00611180880634717
RLG_AeriBYU132Cp_Ava_chr7C-055407_TSD	1.906	-0.030121568498658	0.00525244583300335
RLG_AeriBYU132Cp_Ava_chr7C-055656_TSD	1.382	-0.0313913436449934	0.00656204505945969
RLG_AeriBYU132Cp_Ava_chr7C-056122_TSD	2.224	-0.0281768177832292	0.00438269711367434
RLG_AeriBYU132Cp_Ava_chr7C-056145_TSD	1.805	-0.0283988588532253	0.00537915294015251
RLG_AeriBYU132Cp_Ava_chr7C-056166_TSD	1.886	-0.0258466635626621	0.00540341504191398
RLG_AeriBYU132Cp_Ava_chr7C-056265_TSD	2.203	-0.0241282660840203	0.0047305953684825
RLG_AeriBYU132Cp_Ava_chr7C-056465_TSD	2.228	-0.0293234958362762	0.00556480223333458
RLG_AeriBYU132Cp_Ava_chr7C-056560_TSD	3.337	-0.0243090715178596	0.00415806927599119
RLG_AeriBYU132Cp_Ava_chr7C-059503_TSD	1.916	-0.0276385904126372	0.002104948308384
RLG_AeriBYU132Cp_Ava_chr7C-059744_TSD	2.262	-0.0240208829387699	0.00150315222839238
RLG_AeriBYU132Cp_Ava_chr7C-059887_TSD	1.482	-0.0305719040779489	0.00400546700054686
RLG_AeriBYU132Cp_Ava_chr7C-059966_TSD	1.921	-0.0285818053339982	0.00328813981731646
RLG_AeriBYU132Cp_Ava_chr7C-060220_TSD	1.956	-0.0281479197743862	0.00398178505637573
RLG_AeriBYU132Cp_Ava_chr7C-060965_TSD	1.548	-0.023778191930942	0.00160679676980396
RLG_AeriBYU132Cp_Ava_chr7C-066784_TSD	1.361	-0.0308938444484966	0.00470565906797283
RLG_AeriBYU132Cp_Ava_chr7C-067549_TSD	0.701	-0.0314955219770254	0.0055359426721766
RLG_AeriBYU132Cp_Ava_chr7C-069625_TSD	1.686	-0.0277397409366333	0.00254751139897459
RLG_AeriBYU132Cp_Ava_chr7C-069679_TSD	1.633	-0.0285084812241705	0.00400047671244463
RLG_AeriBYU132Cp_Ava_chr7C-070266_TSD	1.239	-0.0281697195196372	0.00486848167992561
RLG_AeriBYU132Cp_Ava_chr7C-070370_TSD	0.756	-0.0265339419314667	0.00304461790638598
RLG_AeriBYU132Cp_Ava_chr7C-070493_TSD	1.663	-0.0278951537203481	0.00364757752126155
RLG_AeriBYU132Cp_Ava_chr7C-070545_TSD	1.607	-0.0288761328851783	0.0054231871187832
RLG_AeriBYU132Cp_Ava_chr7C-070617_TSD	2.469	-0.0249803510880371	0.00299160483917675
RLG_AeriBYU132Cp_Ava_chr7C-071100_TSD	1.797	-0.0268127706099001	0.00218631042076486
RLG_AeriBYU132Cp_Ava_chr7C-089400_TSD	2.351	-0.0236397885907755	0.0034178381932695
RLG_AeriBYU132Cp_Ava_chr7C-150055_TSD	1.761	-0.0291675557807116	0.00431964895130144
RLG_AeriBYU132Cp_Ava_chr7C-238446_TSD	1.637	-0.0288922316187011	0.00401802147342681
RLG_AeriBYU132Cp_Ava_chr7C-252434_TSD	0.974	-0.029859016998995	0.00458108346805365
RLG_AeriBYU132Cp_Ava_chr7C-258694_TSD	1.28	-0.0297125349873506	0.00597872690440465
RLG_AeriBYU132Cp_Ava_chr7C-276190_TSD	1.26	-0.0290445466192328	0.00478236834296721
RLG_AeriBYU132Cp_Ava_chr7C-289767_TSD	1.773	-0.0259607200159946	0.00321163361960352
RLG_AeriBYU132Cp_Ava_chr7C-299677_TSD	0.919	-0.0290525549014747	0.00418012379643316
RLG_AeriBYU132Cp_Ava_chr7C-322904_TSD	1.277	-0.0274547292762401	0.00359419178951766
RLG_AeriBYU132Cp_Ava_chr7C-338266_TSD	1.822	-0.0299647850870129	0.00273540676720238
RLG_AeriBYU132Cp_Ava_chr7C-345178_TSD	0.628	-0.0240401596403602	0.000351564247637187
RLG_AeriBYU132Cp_Ava_chr7C-362308_TSD	1.231	-0.0272520401499519	0.00325476114442799
RLG_AeriBYU132Cp_Ava_chr7C-369834_TSD	1.115	-0.0265287829519026	0.00155207122701582
RLG_AeriBYU132Cp_Ava_chr7C-422949_TSD	1.748	-0.0284970896752624	0.00581388929222708
RLG_AinsBYU209_Ava_chr1C-189260_TSD	1.314	-0.0301372833292767	0.00478118847487236
RLG_AinsBYU209_Ava_chr1C-202883_TSD	1.556	-0.0314812916670901	0.00560184687137512
RLG_AinsBYU209_Ava_chr1C-204409_TSD	1.085	-0.0306281582361016	0.00374017471446122
RLG_AinsBYU209_Ava_chr1C-205696_TSD	2.067	-0.0324809109960527	0.00476081987973672
RLG_AinsBYU209_Ava_chr1C-206889_TSD	1.66	-0.0333985522639447	0.00543699682280616
RLG_AinsBYU209_Ava_chr1C-207162_TSD	1.462	-0.0335315709718199	0.00616070108458771
RLG_AinsBYU209_Ava_chr1C-208080_TSD	1.513	-0.0325612864004335	0.00506557487917579
RLG_AinsBYU209_Ava_chr1C-208555_TSD	1.447	-0.0320177357740197	0.00605595877349744
RLG_AinsBYU209_Ava_chr1C-209272_TSD	1.545	-0.0333513662577673	0.00758090684378478
RLG_AinsBYU209_Ava_chr1C-209695_TSD	1.652	-0.0333766335853247	0.00599881207664727
RLG_AinsBYU209_Ava_chr1C-209719_TSD	1.738	-0.0325919318955096	0.00593891523484953
RLG_AinsBYU209_Ava_chr1C-210294_TSD	1.871	-0.0336771816462484	0.00691204966281801
RLG_AinsBYU209_Ava_chr1C-210347_TSD	1.595	-0.0337727238482528	0.00684189643715091
RLG_AinsBYU209_Ava_chr1C-211012_TSD	1.348	-0.0347768273888447	0.0064785746776122
RLG_AinsBYU209_Ava_chr1C-211230_TSD	0.898	-0.0307461559726557	0.00495225058654429
RLG_AinsBYU209_Ava_chr1C-211690_TSD	1.289	-0.031191734343748	0.00407267944247289
RLG_AinsBYU209_Ava_chr1C-211794_TSD	1.299	-0.0318247651623678	0.00504509045017952
RLG_AinsBYU209_Ava_chr1C-212253_TSD	1.553	-0.0314034417162441	0.00467699178202229
RLG_AinsBYU209_Ava_chr1C-212887_TSD	1.546	-0.0328472840499901	0.0076003383180359
RLG_AinsBYU209_Ava_chr1C-213066_TSD	1.646	-0.0327743701112491	0.00715221874785338
RLG_AinsBYU209_Ava_chr1C-213174_TSD	1.597	-0.0317057398959836	0.00555014997004637
RLG_AinsBYU209_Ava_chr1C-213216_TSD	1.541	-0.0333398976447867	0.00696868833009955
RLG_AinsBYU209_Ava_chr1C-213472_TSD	1.362	-0.0330815391607122	0.00683018039829754
RLG_AinsBYU209_Ava_chr1C-213828_TSD	1.604	-0.0304294892852043	0.00448739504761708
RLG_AinsBYU209_Ava_chr1C-213974_TSD	1.34	-0.0328828367507869	0.00642354735649692
RLG_AinsBYU209_Ava_chr1C-214868_TSD	1.463	-0.0331090349674043	0.00737815014545207
RLG_AinsBYU209_Ava_chr1C-217041_TSD	1.31	-0.0313129053778212	0.00436670879524253
RLG_AinsBYU209_Ava_chr1C-217573_TSD	1.744	-0.0337907293105998	0.00561646849867995
RLG_AinsBYU209_Ava_chr1C-217997_TSD	1.368	-0.0318086792980873	0.00497627242695699
RLG_AinsBYU209_Ava_chr1C-218679_TSD	1.686	-0.0315191572049348	0.00733076205879978
RLG_AinsBYU209_Ava_chr1C-224848_TSD	1.66	-0.0320102807166292	0.00494379210498835
RLG_AinsBYU209_Ava_chr1C-225140_TSD	1.731	-0.0330887673617531	0.00578204724264368
RLG_AinsBYU209_Ava_chr1C-226235_TSD	2.627	-0.0323078661313117	0.00662326843032604
RLG_AinsBYU209_Ava_chr1C-226367_TSD	1.954	-0.0337576342519426	0.00755850080280118
RLG_AinsBYU209_Ava_chr1C-228654_TSD	1.385	-0.0333086557328795	0.00618184977906684
RLG_AinsBYU209_Ava_chr1C-228733_TSD	1.634	-0.0318415581173534	0.00689737965250809
RLG_AinsBYU209_Ava_chr1C-238200_TSD	1.523	-0.0309629208740705	0.00512660747844593
RLG_AinsBYU209_Ava_chr1C-288217_TSD	1.259	-0.0329605058083096	0.00661707610369193
RLG_AinsBYU209_Ava_chr1C-340533_TSD	0.833	-0.0321331176283533	0.00577506374905418
RLG_AinsBYU209_Ava_chr1C-357062_TSD	1.194	-0.0312873372579498	0.00573136304355776
RLG_AinsBYU209_Ava_chr2C-126440_TSD	2.14	-0.0292927889518645	0.00408444078076312
RLG_AinsBYU209_Ava_chr2C-130136_TSD	1.501	-0.028916727407309	0.00567456876825845
RLG_AinsBYU209_Ava_chr2C-199957_TSD	1.742	-0.0297266030394135	0.00552192554529808
RLG_AinsBYU209_Ava_chr2C-207197_TSD	1.497	-0.0301985760014384	0.00534901552236255
RLG_AinsBYU209_Ava_chr2C-210746_TSD	1.072	-0.0302707527329259	0.00500532626122325
RLG_AinsBYU209_Ava_chr2C-212040_TSD	1.62	-0.0340289465376283	0.00559331659321442
RLG_AinsBYU209_Ava_chr2C-212382_TSD	1.141	-0.0317110008459983	0.00750808163681491
RLG_AinsBYU209_Ava_chr2C-214063_TSD	1.609	-0.0291648349846344	0.00394770587645407
RLG_AinsBYU209_Ava_chr2C-215716_TSD	1.464	-0.0288340451706625	0.00571264904949537
RLG_AinsBYU209_Ava_chr2C-216111_TSD	0.828	-0.0345792404315228	0.00599756786741542
RLG_AinsBYU209_Ava_chr2C-222038_TSD	1.676	-0.0293383758863347	0.00573962574239711
RLG_AinsBYU209_Ava_chr2C-223908_TSD	1.855	-0.0279147901725211	0.00515600602279107
RLG_AinsBYU209_Ava_chr3C-030809_TSD	1.057	-0.0311729435227729	0.00547089380105426
RLG_AinsBYU209_Ava_chr3C-272863_TSD	1.056	-0.0294839022098159	0.00449973564645454
RLG_AinsBYU209_Ava_chr3C-279199_TSD	1.341	-0.0326207660134267	0.00724683335995343
RLG_AinsBYU209_Ava_chr3C-279776_TSD	1.135	-0.0325605102878061	0.0054021906614869
RLG_AinsBYU209_Ava_chr3C-280324_TSD	1.528	-0.0319580181469943	0.0063989655312725
RLG_AinsBYU209_Ava_chr3C-282810_TSD	1.383	-0.0316020449813004	0.00523288875762604
RLG_AinsBYU209_Ava_chr3C-295717_TSD	1.612	-0.0297981374377034	0.00535065840689479
RLG_AinsBYU209_Ava_chr3C-428752_TSD	1.553	-0.0320429866709037	0.00545794150469631
RLG_AinsBYU209_Ava_chr3D-403737_TSD	1.663	-0.0323007024334729	0.00513368153584741
RLG_AinsBYU209_Ava_chr4C-337046_TSD	1.523	-0.0289891116630302	0.0044443696011374
RLG_AinsBYU209_Ava_chr4C-337975_TSD	1.462	-0.0304637040508346	0.00494852679033477
RLG_AinsBYU209_Ava_chr4C-338260_TSD	1.394	-0.0278292682660453	0.00425364354320666
RLG_AinsBYU209_Ava_chr4C-339997_TSD	1.36	-0.0317353507540165	0.00570489788194348
RLG_AinsBYU209_Ava_chr4C-340024_TSD	1.421	-0.0299098628694607	0.0059065838213154
RLG_AinsBYU209_Ava_chr4C-340503_TSD	1.122	-0.0300106862636654	0.00425757755991414
RLG_AinsBYU209_Ava_chr4C-340956_TSD	1.926	-0.0322231700627379	0.00459517395995911
RLG_AinsBYU209_Ava_chr4C-341091_TSD	1.586	-0.0332878785319208	0.00614019952156861
RLG_AinsBYU209_Ava_chr4C-341166_TSD	1.484	-0.0290139157348959	0.0054001725853497
RLG_AinsBYU209_Ava_chr4C-341249_TSD	1.821	-0.0291887433913768	0.0039241307485272
RLG_AinsBYU209_Ava_chr4C-341390_TSD	1.511	-0.0314785977315412	0.00523441183222114
RLG_AinsBYU209_Ava_chr4C-341641_TSD	2.035	-0.0314429875666809	0.00749595639126707
RLG_AinsBYU209_Ava_chr4C-345402_TSD	1.271	-0.0303464119483809	0.0060867789918563
RLG_AinsBYU209_Ava_chr4C-347783_TSD	1.305	-0.0320275867959116	0.00542983865195143
RLG_AinsBYU209_Ava_chr4C-350698_TSD	1.49	-0.0315352318825009	0.00619072527964178
RLG_AinsBYU209_Ava_chr4C-351966_TSD	1.712	-0.0305405884476051	0.00579948811043685
RLG_AinsBYU209_Ava_chr4D-416837_TSD	1.391	-0.0305901330118206	0.00649216405000935
RLG_AinsBYU209_Ava_chr5C-226682_TSD	1.702	-0.0233523670921697	0.00302779799638668
RLG_AinsBYU209_Ava_chr5C-245267_TSD	1.409	-0.0327055198827283	0.00606542934116363
RLG_AinsBYU209_Ava_chr5C-245982_TSD	0.847	-0.032486167933494	0.00597654733405975
RLG_AinsBYU209_Ava_chr5C-246054_TSD	1.262	-0.031898160357035	0.00400873090974579
RLG_AinsBYU209_Ava_chr5C-246087_TSD	2.341	-0.0320896715883563	0.00569807572326739
RLG_AinsBYU209_Ava_chr5C-246203_TSD	1.034	-0.0329419929690039	0.00641596616641207
RLG_AinsBYU209_Ava_chr5C-246446_TSD	0.94	-0.031576049633536	0.00612797275782771
RLG_AinsBYU209_Ava_chr5C-246693_TSD	1.497	-0.032519061871719	0.00617096560833772
RLG_AinsBYU209_Ava_chr5C-247397_TSD	1.341	-0.0333301959285025	0.00528383617567083
RLG_AinsBYU209_Ava_chr5C-248303_TSD	1.745	-0.0326088929724176	0.00744404931981996
RLG_AinsBYU209_Ava_chr5C-443913_TSD	1.145	-0.0290791428245902	0.00334502350728357
RLG_AinsBYU209_Ava_chr5C-484898_TSD	1.581	-0.030879263641154	0.00582790693157911
RLG_AinsBYU209_Ava_chr5C-503482_TSD	1.59	-0.0327384483156498	0.0065042056741925
RLG_AinsBYU209_Ava_chr5C-511030_TSD	1.312	-0.0306869751267609	0.00427584774832882
RLG_AinsBYU209_Ava_chr5C-545814_TSD	0.958	-0.0298816737055103	0.0057403969139149
RLG_AinsBYU209_Ava_chr6C-007662_TSD	1.29	-0.0337792103715305	0.00696726917161997
RLG_AinsBYU209_Ava_chr6C-029916_TSD	1.192	-0.0328079578375006	0.00739701494865168
RLG_AinsBYU209_Ava_chr6C-043505_TSD	1.391	-0.0327284414482302	0.00578590424848734
RLG_AinsBYU209_Ava_chr6C-110343_TSD	1.266	-0.0325769111399582	0.00709609214944362
RLG_AinsBYU209_Ava_chr6C-140549_TSD	1.338	-0.032233477385046	0.00561552345832642
RLG_AinsBYU209_Ava_chr6C-247102_TSD	1.829	-0.0311929225847587	0.00633289905513697
RLG_AinsBYU209_Ava_chr6C-341754_TSD	1.445	-0.0300566887761937	0.00408192609472401
RLG_AinsBYU209_Ava_chr6C-342054_TSD	1.453	-0.0300603167267599	0.00410620034515289
RLG_AinsBYU209_Ava_chr6C-342276_TSD	1.62	-0.0316622425592516	0.00497974063582007
RLG_AinsBYU209_Ava_chr6C-344904_TSD	1.221	-0.0330343969557502	0.00404812307011967
RLG_AinsBYU209_Ava_chr6C-348140_TSD	1.702	-0.0313797881010354	0.00676810808115645
RLG_AinsBYU209_Ava_chr6C-365429_TSD	1.079	-0.0312561925015655	0.00480993114175634
RLG_AinsBYU209_Ava_chr6C-376802_TSD	1.334	-0.0307785370201498	0.00471598415421013
RLG_AinsBYU209_Ava_chr6C-384170_TSD	1.755	-0.0293171932448427	0.00525180379098134
RLG_AinsBYU209_Ava_chr6C-483236_TSD	1.553	-0.0323032347088462	0.00659738418358936
RLG_AinsBYU209_Ava_chr6C-483922_TSD	1.652	-0.0344223127095475	0.00761976328331489
RLG_AinsBYU209_Ava_chr7C-159768_TSD	1.528	-0.0303400969280434	0.00542987217091094
RLG_AinsBYU209_Ava_chr7C-280239_TSD	1.63	-0.0291597832064552	0.00422727987645883
RLG_AinsBYU209_Ava_chr7C-292615_TSD	1.691	-0.0309692264830053	0.00406594535620905
RLG_AinsBYU209_Ava_chr7C-292749_TSD	2.125	-0.0280910145451757	0.0041663614438907
RLG_AinsBYU209_Ava_chr7C-292787_TSD	1.52	-0.0306002733151284	0.00493204434710449
RLG_AinsBYU209_Ava_chr7C-297635_TSD	1.945	-0.0297168072856606	0.0041095629063961
RLG_AinsBYU209_Ava_chr7C-298630_TSD	1.578	-0.0291091385324166	0.00518159288428353
RLG_AinsBYU209_Ava_chr7C-298681_TSD	2.011	-0.0320408490070973	0.00625771327223143
RLG_AinsBYU209_Ava_chr7C-298874_TSD	1.68	-0.0321867159688146	0.00562238770721853
RLG_AinsBYU209_Ava_chr7C-299249_TSD	1.765	-0.0319385417905415	0.0062095311315537
RLG_AinsBYU209_Ava_chr7C-299562_TSD	1.732	-0.0305207112189211	0.00569366171911622
RLG_AinsBYU209_Ava_chr7C-301245_TSD	2.162	-0.0325446964180723	0.00552745137200042
RLG_AinsBYU209_Ava_chr7C-302317_TSD	1.542	-0.0320159214167845	0.00606342690242122
RLG_AinsBYU209_Ava_chr7C-303313_TSD	1.451	-0.0311309988615585	0.00498097106772044
RLG_AinsBYU209_Ava_chr7C-303577_TSD	1.075	-0.0336810026208304	0.00731757026338138
RLG_AinsBYU209_Ava_chr7C-303723_TSD	1.646	-0.0326757424200489	0.00571986558000585
RLG_AinsBYU209_Ava_chr7C-304249_TSD	1.362	-0.0317592369167081	0.00645270394490635
RLG_AinsBYU209_Ava_chr7C-305472_TSD	1.41	-0.0287103000280746	0.00519615966901897
RLG_AinsBYU209_Ava_chr7C-325989_TSD	1.282	-0.0288869357810322	0.00434253514792219
RLG_AinsBYU209_Ava_chr7C-380074_TSD	1.541	-0.0317234860719063	0.00638877619727066
RLG_AinsBYU209_Ava_chr7C-458849_TSD	1.315	-0.0332701931189423	0.00641587816675128
RLG_AinsBYU209_Ava_chr7C-471716_TSD	2.073	-0.0322477920801442	0.00634091226298315
RLG_AsatOT3098_Ava_chr1A-533169_TSD	1.184	-0.0321454127406508	0.00435105808769402
RLG_AsatOT3098_Ava_chr1C-236768_TSD	1.569	-0.0314974681546243	0.00650139713794802
RLG_AsatOT3098_Ava_chr1C-240301_TSD	1.531	-0.0292740884274564	0.0050421483472781
RLG_AsatOT3098_Ava_chr1C-261848_TSD	1.742	-0.0318180759768808	0.00711611854771103
RLG_AsatOT3098_Ava_chr1C-262087_TSD	1.953	-0.0317515979322582	0.00476347347361221
RLG_AsatOT3098_Ava_chr1C-262452_TSD	1.248	-0.0300572978216018	0.00488699510914582
RLG_AsatOT3098_Ava_chr1C-263128_TSD	1.489	-0.0321998581599009	0.00508566060017763
RLG_AsatOT3098_Ava_chr1C-264426_TSD	1.379	-0.0314118713042331	0.00602599813782331
RLG_AsatOT3098_Ava_chr1C-264715_TSD	1.786	-0.0334796901216212	0.00541317256184194
RLG_AsatOT3098_Ava_chr1C-265956_TSD	1.913	-0.0324191733693527	0.00480436134805366
RLG_AsatOT3098_Ava_chr1C-267188_TSD	1.091	-0.0312837191628759	0.00419168030421257
RLG_AsatOT3098_Ava_chr1C-269748_TSD	1.725	-0.0313612806899017	0.00575274982576762
RLG_AsatOT3098_Ava_chr1C-270787_TSD	1.269	-0.0326741641587182	0.0064986434289108
RLG_AsatOT3098_Ava_chr1C-271460_TSD	1.377	-0.0339521922250532	0.00621742686888038
RLG_AsatOT3098_Ava_chr1C-272130_TSD	1.594	-0.0341023981271571	0.00610510057738654
RLG_AsatOT3098_Ava_chr1C-272204_TSD	1.909	-0.0341182593075185	0.00589718356274842
RLG_AsatOT3098_Ava_chr1C-272949_TSD	1.266	-0.0327076391514541	0.00482139378741583
RLG_AsatOT3098_Ava_chr1C-273318_TSD	1.421	-0.0347825130957679	0.00752004695448803
RLG_AsatOT3098_Ava_chr1C-273771_TSD	1.594	-0.0328708611213868	0.00620019484286043
RLG_AsatOT3098_Ava_chr1C-273937_TSD	1.781	-0.0309670647068481	0.00527572455097176
RLG_AsatOT3098_Ava_chr1C-274014_TSD	1.758	-0.0322270687787828	0.00571120488459532
RLG_AsatOT3098_Ava_chr1C-274321_TSD	1.459	-0.0327686602498127	0.00621069784578819
RLG_AsatOT3098_Ava_chr1C-274388_TSD	1.661	-0.0352805571094791	0.00757755206793554
RLG_AsatOT3098_Ava_chr1C-274538_TSD	1.418	-0.0331122721121622	0.00609159382926575
RLG_AsatOT3098_Ava_chr1C-274581_TSD	1.639	-0.0319672882821743	0.00645602401244497
RLG_AsatOT3098_Ava_chr1C-274688_TSD	1.604	-0.0320651770666309	0.0063987807168185
RLG_AsatOT3098_Ava_chr1C-275821_TSD	1.341	-0.0326929031919988	0.00554888074170229
RLG_AsatOT3098_Ava_chr1C-275917_TSD	1.34	-0.0311886202687883	0.00420524385669026
RLG_AsatOT3098_Ava_chr1C-276433_TSD	1.216	-0.0327003526184208	0.00567208214217624
RLG_AsatOT3098_Ava_chr1C-276528_TSD	1.34	-0.0313071432502723	0.00420612406169388
RLG_AsatOT3098_Ava_chr1C-277065_TSD	1.03	-0.0319893757551633	0.00705824652611646
RLG_AsatOT3098_Ava_chr1C-277577_TSD	1.646	-0.0313426431841353	0.0050824311763335
RLG_AsatOT3098_Ava_chr1C-278095_TSD	1.254	-0.0327477485772593	0.00502396371916487
RLG_AsatOT3098_Ava_chr1C-278402_TSD	1.096	-0.0304384124385074	0.00350880744321219
RLG_AsatOT3098_Ava_chr1C-278766_TSD	1.868	-0.0339956041999605	0.00585458057562987
RLG_AsatOT3098_Ava_chr1C-289457_TSD	1.215	-0.0323258021756821	0.00591094947266002
RLG_AsatOT3098_Ava_chr1C-289970_TSD	1.699	-0.0337629601154375	0.00619098836804948
RLG_AsatOT3098_Ava_chr1C-290383_TSD	1.503	-0.0315421167550321	0.00799851374937461
RLG_AsatOT3098_Ava_chr1C-292185_TSD	1.996	-0.0330674370900187	0.00752467376146761
RLG_AsatOT3098_Ava_chr1C-292296_TSD	2.707	-0.0329255683871856	0.00678785581125606
RLG_AsatOT3098_Ava_chr1C-293738_TSD	1.631	-0.033196353212166	0.00550019650746511
RLG_AsatOT3098_Ava_chr1C-294525_TSD	1.825	-0.0345279827034263	0.00772495202456178
RLG_AsatOT3098_Ava_chr1C-296255_TSD	1.256	-0.0324233051703857	0.00630831982601148
RLG_AsatOT3098_Ava_chr1C-296632_TSD	1.552	-0.0332809604514611	0.00664138891242766
RLG_AsatOT3098_Ava_chr1C-308928_TSD	1.524	-0.0292214934598359	0.00541549371111664
RLG_AsatOT3098_Ava_chr1C-326562_TSD	1.493	-0.031921829778797	0.0066121248697857
RLG_AsatOT3098_Ava_chr1C-369833_TSD	1.117	-0.0326072292680205	0.00638352444260378
RLG_AsatOT3098_Ava_chr1C-423626_TSD	0.671	-0.0325018201606178	0.00519899052847376
RLG_AsatOT3098_Ava_chr1C-441671_TSD	1.363	-0.0316322297835735	0.00592470982265338
RLG_AsatOT3098_Ava_chr2C-146311_TSD	2.14	-0.0302493848839153	0.00519524106688876
RLG_AsatOT3098_Ava_chr2C-149583_TSD	1.624	-0.0290699972976084	0.00579135273690794
RLG_AsatOT3098_Ava_chr2C-226903_TSD	1.993	-0.0295708352291963	0.00586633975132774
RLG_AsatOT3098_Ava_chr2C-231196_TSD	1.916	-0.0287528151525695	0.00357537747746025
RLG_AsatOT3098_Ava_chr2C-237112_TSD	1.621	-0.0305489809926184	0.00586693470265557
RLG_AsatOT3098_Ava_chr2C-241141_TSD	1.073	-0.0289445367056435	0.00467038938099796
RLG_AsatOT3098_Ava_chr2C-242657_TSD	1.182	-0.0314361349474381	0.0068317920150394
RLG_AsatOT3098_Ava_chr2C-245017_TSD	1.794	-0.0290843218481935	0.00491586312435565
RLG_AsatOT3098_Ava_chr2C-246658_TSD	1.817	-0.0292285272318857	0.00518601042154595
RLG_AsatOT3098_Ava_chr2C-247521_TSD	0.948	-0.0338103096229961	0.00611313414156318
RLG_AsatOT3098_Ava_chr2C-248707_TSD	1.198	-0.0296322027343135	0.00385095430816503
RLG_AsatOT3098_Ava_chr2C-249391_TSD	1.331	-0.0290553110761038	0.00546427799465517
RLG_AsatOT3098_Ava_chr2C-250019_TSD	1.797	-0.0287055867632957	0.00524597971055085
RLG_AsatOT3098_Ava_chr2C-254139_TSD	2.125	-0.0311524355314738	0.005374498036945
RLG_AsatOT3098_Ava_chr2C-255197_TSD	1.572	-0.0305635559534333	0.0050385535833029
RLG_AsatOT3098_Ava_chr2C-255921_TSD	1.592	-0.0295364974212811	0.00593090461947931
RLG_AsatOT3098_Ava_chr2C-256283_TSD	2.281	-0.0289023778737943	0.00445796951786739
RLG_AsatOT3098_Ava_chr2C-257816_TSD	1.988	-0.0290389091109526	0.0056355936069744
RLG_AsatOT3098_Ava_chr2C-258868_TSD	1.306	-0.0283057929545883	0.00435787221536762
RLG_AsatOT3098_Ava_chr2C-569720_TSD	1.904	-0.0315932417798993	0.00758123890170539
RLG_AsatOT3098_Ava_chr3C-029695_TSD	1.173	-0.0299122738793426	0.00422161679339194
RLG_AsatOT3098_Ava_chr3C-219165_TSD	1.36	-0.0310062325366025	0.00521752070658091
RLG_AsatOT3098_Ava_chr3C-219235_TSD	1.403	-0.0314101082553363	0.00491589291734525
RLG_AsatOT3098_Ava_chr3C-238154_TSD	1.465	-0.0315845843891577	0.00656233236305468
RLG_AsatOT3098_Ava_chr3C-239714_TSD	1.401	-0.0325755565110655	0.00663288130339825
RLG_AsatOT3098_Ava_chr3C-240182_TSD	1.115	-0.0317525919237393	0.00498188295791214
RLG_AsatOT3098_Ava_chr3C-514024_TSD	1.318	-0.032223739741076	0.00636648454417888
RLG_AsatOT3098_Ava_chr4C-363678_TSD	2.393	-0.0312293300741015	0.0047418746479483
RLG_AsatOT3098_Ava_chr4C-365696_TSD	1.457	-0.0307262779842425	0.00521608594564952
RLG_AsatOT3098_Ava_chr4C-365827_TSD	1.194	-0.0301017156914861	0.00458447253301804
RLG_AsatOT3098_Ava_chr4C-366073_TSD	1.521	-0.0285878510154324	0.00453342480824224
RLG_AsatOT3098_Ava_chr4C-367322_TSD	1.712	-0.0303021852689206	0.00525096741312411
RLG_AsatOT3098_Ava_chr4C-367552_TSD	1.117	-0.0284556341311737	0.00445598411851053
RLG_AsatOT3098_Ava_chr4C-368950_TSD	1.535	-0.0287530857080265	0.00387671802435555
RLG_AsatOT3098_Ava_chr4C-369530_TSD	1.305	-0.0310567993908466	0.00515256088986087
RLG_AsatOT3098_Ava_chr4C-369556_TSD	1.294	-0.0304632105439118	0.00589471666116976
RLG_AsatOT3098_Ava_chr4C-370018_TSD	1.216	-0.0294356159023542	0.00415152025471373
RLG_AsatOT3098_Ava_chr4C-370349_TSD	1.659	-0.0325000935679227	0.00612812565318524
RLG_AsatOT3098_Ava_chr4C-370477_TSD	1.684	-0.0297514975586204	0.00535216693564709
RLG_AsatOT3098_Ava_chr4C-370569_TSD	1.729	-0.0277140602772077	0.00290332051646054
RLG_AsatOT3098_Ava_chr4C-370703_TSD	1.669	-0.0314787829440354	0.00498967016628305
RLG_AsatOT3098_Ava_chr4C-370965_TSD	1.898	-0.0305207869553518	0.00720449135471134
RLG_AsatOT3098_Ava_chr4C-371010_TSD	1.016	-0.0323745796067324	0.00562496703980441
RLG_AsatOT3098_Ava_chr4C-372551_TSD	1.381	-0.0310086875303738	0.00626165352917616
RLG_AsatOT3098_Ava_chr4C-372908_TSD	1.611	-0.0309864588922012	0.00609056908233388
RLG_AsatOT3098_Ava_chr4C-374199_TSD	1.418	-0.0304705183079504	0.00651517898842667
RLG_AsatOT3098_Ava_chr4C-376428_TSD	1.336	-0.0306613306945906	0.0064338926093992
RLG_AsatOT3098_Ava_chr4C-378844_TSD	1.063	-0.0318470357621145	0.00550174731734292
RLG_AsatOT3098_Ava_chr4D-413198_TSD	1.631	-0.0302930232593062	0.00513835934216325
RLG_AsatOT3098_Ava_chr5C-256950_TSD	1.575	-0.0310735812392996	0.00511647895619544
RLG_AsatOT3098_Ava_chr5C-257171_TSD	1.825	-0.0333750734587507	0.00643720883750145
RLG_AsatOT3098_Ava_chr5C-257938_TSD	1.294	-0.0316416137919875	0.00437320914645204
RLG_AsatOT3098_Ava_chr5C-258371_TSD	1.071	-0.0307290778699308	0.00552268317738758
RLG_AsatOT3098_Ava_chr5C-258611_TSD	1.039	-0.0328427459798641	0.00709500605098135
RLG_AsatOT3098_Ava_chr5C-258727_TSD	2.276	-0.0325359643943222	0.00556681154433694
RLG_AsatOT3098_Ava_chr5C-258761_TSD	1.383	-0.0321500911942546	0.00456559147471477
RLG_AsatOT3098_Ava_chr5C-258832_TSD	0.928	-0.0325478763889847	0.00607856467383362
RLG_AsatOT3098_Ava_chr5C-259007_TSD	1.324	-0.0321946720117907	0.00505860660949225
RLG_AsatOT3098_Ava_chr5C-259618_TSD	0.935	-0.0319236441410063	0.00489205544533258
RLG_AsatOT3098_Ava_chr5C-260211_TSD	1.736	-0.0309657937974605	0.00646096288434589
RLG_AsatOT3098_Ava_chr5C-260563_TSD	1.4	-0.0331839381166042	0.00743235588547863
RLG_AsatOT3098_Ava_chr5C-262053_TSD	1.59	-0.0326399742182479	0.00634088474833266
RLG_AsatOT3098_Ava_chr5C-488733_TSD	0.964	-0.0292639869910035	0.00365406216133256
RLG_AsatOT3098_Ava_chr5C-514872_TSD	1.133	-0.0345667288593911	0.0060473436755741
RLG_AsatOT3098_Ava_chr5C-531992_TSD	1.911	-0.0322389059891016	0.00731205299278585
RLG_AsatOT3098_Ava_chr5C-597115_TSD	1.206	-0.0298732472867152	0.00628689634359544
RLG_AsatOT3098_Ava_chr6C-007320_TSD	1.639	-0.0332063390757579	0.00692344137671694
RLG_AsatOT3098_Ava_chr6C-030415_TSD	1.007	-0.0314458143330782	0.00639412567392817
RLG_AsatOT3098_Ava_chr6C-117699_TSD	1.266	-0.0320756145405021	0.00686058404883324
RLG_AsatOT3098_Ava_chr6C-267677_TSD	1.447	-0.0278548287997492	0.0037326688027756
RLG_AsatOT3098_Ava_chr6C-269491_TSD	2.035	-0.0311687448230341	0.00645461796283368
RLG_AsatOT3098_Ava_chr6C-391697_TSD	1.277	-0.0294322430420343	0.00425273329612576
RLG_AsatOT3098_Ava_chr6C-392000_TSD	1.618	-0.0318224010739313	0.00578769423804165
RLG_AsatOT3098_Ava_chr6C-394435_TSD	1.309	-0.0302764945762835	0.00432773809186319
RLG_AsatOT3098_Ava_chr6C-395774_TSD	1.497	-0.0313458923068602	0.006985071500846
RLG_AsatOT3098_Ava_chr6C-415717_TSD	1.373	-0.0295666417861432	0.00398028804247228
RLG_AsatOT3098_Ava_chr6C-436777_TSD	1.881	-0.0288258636126636	0.00477332049938529
RLG_AsatOT3098_Ava_chr6C-444874_TSD	1.474	-0.0295905561014801	0.00427846397345365
RLG_AsatOT3098_Ava_chr6C-546013_TSD	1.543	-0.0338529703284173	0.00713944159029593
RLG_AsatOT3098_Ava_chr6C-546812_TSD	1.402	-0.0334901943703789	0.00798582453551732
RLG_AsatOT3098_Ava_chr7C-174098_TSD	1.28	-0.0306462726788725	0.00417147445095924
RLG_AsatOT3098_Ava_chr7C-262106_TSD	1.804	-0.0305735516435651	0.00603039024801215
RLG_AsatOT3098_Ava_chr7C-334189_TSD	1.823	-0.0306829324728424	0.00429442224229134
RLG_AsatOT3098_Ava_chr7C-334316_TSD	2.225	-0.0280178681366607	0.00435167249742026
RLG_AsatOT3098_Ava_chr7C-334355_TSD	1.73	-0.0301060219814205	0.00477543447869959
RLG_AsatOT3098_Ava_chr7C-334810_TSD	2.177	-0.0306953423802181	0.00515561720158161
RLG_AsatOT3098_Ava_chr7C-338664_TSD	2.03	-0.0297076745814477	0.00465845625832898
RLG_AsatOT3098_Ava_chr7C-340524_TSD	1.623	-0.0314294322036923	0.0043937918435709
RLG_AsatOT3098_Ava_chr7C-342755_TSD	1.357	-0.0278840736414326	0.0032787912342339
RLG_AsatOT3098_Ava_chr7C-343366_TSD	2	-0.0316857712174005	0.00646399915747735
RLG_AsatOT3098_Ava_chr7C-343554_TSD	1.851	-0.0322540909088691	0.00559795201939103
RLG_AsatOT3098_Ava_chr7C-343951_TSD	1.809	-0.0317013778843377	0.00654047475232304
RLG_AsatOT3098_Ava_chr7C-344341_TSD	1.901	-0.0306498189575923	0.00535442175729951
RLG_AsatOT3098_Ava_chr7C-346079_TSD	1.997	-0.0323787636742935	0.00507589527356681
RLG_AsatOT3098_Ava_chr7C-347161_TSD	1.707	-0.0320274382163901	0.0062334517974496
RLG_AsatOT3098_Ava_chr7C-348452_TSD	0.912	-0.0329235036484613	0.00721147681862994
RLG_AsatOT3098_Ava_chr7C-348585_TSD	1.732	-0.0328597107009387	0.00556674085314969
RLG_AsatOT3098_Ava_chr7C-349099_TSD	1.581	-0.0311324222187091	0.00695024443503241
RLG_AsatOT3098_Ava_chr7C-350265_TSD	1.569	-0.0284723116374826	0.00511232266470648
RLG_AsatOT3098_Ava_chr7C-442056_TSD	1.013	-0.0315356850324504	0.00646950432815608
RLG_AsatOT3098_Ava_chr7C-548655_TSD	2.031	-0.0320000033515182	0.00684195250114483
