RLG_AeriBYU132Cp_Ava_chr3C-471231_TSD	3.387	0.0111501623687192	0.0261263984803001
RLG_AeriBYU132Cp_Ava_chr6C-196000_TSD	0.616	0.0116780408752285	0.0245145548884928
RLG_AinsBYU209_Ava_chr1C-150827_TSD	3.545	0.00730364956353831	0.0210071000099934
RLG_AinsBYU209_Ava_chr1C-184123_TSD	3.117	0.00881575784017588	0.0245279561527882
RLG_AinsBYU209_Ava_chr1C-184881_TSD	2.842	0.01073127718439	0.0221814643797638
RLG_AinsBYU209_Ava_chr1C-189061_TSD	2.687	0.00966716588360702	0.0218729474727372
RLG_AinsBYU209_Ava_chr1C-213047_TSD	2.775	0.0124905932417773	0.0210585045554812
RLG_AinsBYU209_Ava_chr2C-159213_TSD	3.391	0.00861696953350346	0.024269712457922
RLG_AinsBYU209_Ava_chr2C-192757_TSD	3.326	0.00984682730053026	0.0211245511929572
RLG_AinsBYU209_Ava_chr3C-186167_TSD	3.476	0.00936084565270731	0.0224041900248546
RLG_AinsBYU209_Ava_chr3C-225185_TSD	2.534	0.00881426918603992	0.0241129799397484
RLG_AinsBYU209_Ava_chr3C-236222_TSD	3.143	0.0100975072572747	0.024652856697433
RLG_AinsBYU209_Ava_chr5C-043760_TSD	3.016	0.0080877300463159	0.0249328331321109
RLG_AinsBYU209_Ava_chr5C-262302_TSD	3.391	0.00759831316502983	0.0216245926093728
RLG_AinsBYU209_Ava_chr7C-294536_TSD	3.502	0.0104549541596156	0.0229751561358914
RLG_AsatOT3098_Ava_chr1C-237824_TSD	2.984	0.0093148681887979	0.024126265302397
RLG_AsatOT3098_Ava_chr1C-239040_TSD	2.978	0.0102996625491649	0.0226339992019547
RLG_AsatOT3098_Ava_chr1C-240494_TSD	2.867	0.00998155543759987	0.0224215136619503
RLG_AsatOT3098_Ava_chr1C-274708_TSD	2.771	0.0129967518238055	0.0203332779611343
RLG_AsatOT3098_Ava_chr2C-189987_TSD	3.755	0.00864836123115183	0.0246072427045265
RLG_AsatOT3098_Ava_chr2C-210491_TSD	3.437	0.00922866660093623	0.0246468963061145
RLG_AsatOT3098_Ava_chr2C-238773_TSD	2.824	0.0116732834127097	0.022234032772978
RLG_AsatOT3098_Ava_chr3C-303535_TSD	3.049	0.00872822226633258	0.0243878693067249
RLG_AsatOT3098_Ava_chr3C-319844_TSD	2.58	0.00909785582221388	0.0243839970865768
RLG_AsatOT3098_Ava_chr3C-350444_TSD	3.796	0.00968638913329617	0.022119991938964
RLG_AsatOT3098_Ava_chr3C-594445_TSD	2.924	0.00927406594682034	0.023212961415138
RLG_AsatOT3098_Ava_chr5C-272724_TSD	3.146	0.00767642769086479	0.0255230693412839
RLG_AsatOT3098_Ava_chr5C-276607_TSD	3.559	0.0083976299965477	0.0216322884501469
RLG_AsatOT3098_Ava_chr7C-336159_TSD	3.683	0.010553963106651	0.0234220832245207
