RLG_AinsBYU209_Ava_chr1D-130661_TSD	0.679	0.0444775033207493	0.0129005182899199
RLG_AinsBYU209_Ava_chr1D-141101_TSD	0.587	0.0384208793893577	0.0296867054965958
RLG_AinsBYU209_Ava_chr1D-141860_TSD	0.468	0.0413704672820125	0.0190298443213865
RLG_AinsBYU209_Ava_chr1D-142253_TSD	0.412	0.0376363050559412	0.0280904700883318
RLG_AinsBYU209_Ava_chr1D-142581_TSD	0.35	0.0346593950510859	0.0220811036731745
RLG_AinsBYU209_Ava_chr1D-357050_TSD	0.638	0.0416725189631822	0.0253066856211556
RLG_AinsBYU209_Ava_chr1D-400518_TSD	0.638	0.0370613069936752	0.0352819017398547
RLG_AinsBYU209_Ava_chr1D-440504_TSD	0.448	0.0375287141646908	0.0307408639089896
RLG_AinsBYU209_Ava_chr1D-447851_TSD	0.357	0.0405015416542232	0.020514945273994
RLG_AinsBYU209_Ava_chr2D-125704_TSD	0.708	0.0341139475397	0.0318447687375025
RLG_AinsBYU209_Ava_chr2D-152651_TSD	0.447	0.0496434553411729	0.0282366094111151
RLG_AinsBYU209_Ava_chr2D-177387_TSD	0.513	0.031928693931462	-0.00476684825354665
RLG_AinsBYU209_Ava_chr2D-177875_TSD	0.155	0.0312847005423711	0.0131075398111044
RLG_AinsBYU209_Ava_chr2D-177920_TSD	0.557	0.0522198186400708	0.031894742538701
RLG_AinsBYU209_Ava_chr2D-178865_TSD	0.746	0.0361417743159671	0.0287507464665199
RLG_AinsBYU209_Ava_chr2D-178919_TSD	0.482	0.0378412018898769	0.00577681401556079
RLG_AinsBYU209_Ava_chr2D-304005_TSD	0.319	0.044613546899569	0.0340286306278893
RLG_AinsBYU209_Ava_chr2D-339992_TSD	0.745	0.0551230543504956	0.0276175350059251
RLG_AinsBYU209_Ava_chr2D-385143_TSD	1.065	0.0275736539889926	0.024362082470178
RLG_AinsBYU209_Ava_chr3D-199659_TSD	0.488	0.0440814145473445	0.00825595296142124
RLG_AinsBYU209_Ava_chr3D-199801_TSD	0.467	0.0339400997090067	0.0420181080799026
RLG_AinsBYU209_Ava_chr3D-200085_TSD	0.446	0.0334551185059584	0.0318698033947498
RLG_AinsBYU209_Ava_chr3D-200136_TSD	0.447	0.0392603198951574	0.0187770410923326
RLG_AinsBYU209_Ava_chr3D-200460_TSD	0.627	0.0466699950079943	0.0320338239871025
RLG_AinsBYU209_Ava_chr3D-201184_TSD	0.438	0.0471563120611437	0.0348665821570339
RLG_AinsBYU209_Ava_chr3D-201248_TSD	0.705	0.0404750887540524	0.0334444842529236
RLG_AinsBYU209_Ava_chr3D-201561_TSD	0.666	0.0343629287898016	-0.000694822631049186
RLG_AinsBYU209_Ava_chr3D-201913_TSD	0.351	0.0336284462943639	0.00839959089822839
RLG_AinsBYU209_Ava_chr3D-203434_TSD	0.467	0.0359136405980608	0.0189541262278284
RLG_AinsBYU209_Ava_chr3D-206980_TSD	0.233	0.0316759988498856	0.0188721183458528
RLG_AinsBYU209_Ava_chr4D-299464_TSD	0.518	0.0451240681368167	0.0119008100399945
RLG_AinsBYU209_Ava_chr4D-368639_TSD	0.366	0.0519260968832378	0.0320052107973189
RLG_AinsBYU209_Ava_chr4D-382909_TSD	0.331	0.0481799983026696	0.0075110496861399
RLG_AinsBYU209_Ava_chr4D-408435_TSD	0.717	0.0404203788812347	0.00703721405646849
RLG_AinsBYU209_Ava_chr5D-181280_TSD	0.963	0.0275523838466562	0.00382353624072147
RLG_AinsBYU209_Ava_chr5D-181366_TSD	0.479	0.0446458052878864	0.0335446677431941
RLG_AinsBYU209_Ava_chr5D-182651_TSD	0.788	0.0350070945974884	0.0362263629017944
RLG_AinsBYU209_Ava_chr6D-102620_TSD	1.007	0.0549564472540518	0.025519438824436
RLG_AinsBYU209_Ava_chr6D-208894_TSD	1.125	0.0376064150384374	0.0373176644050605
RLG_AinsBYU209_Ava_chr6D-218118_TSD	0.588	0.0344408003322083	0.0305972515959725
RLG_AinsBYU209_Ava_chr6D-218457_TSD	0.477	0.0288975560201003	0.0255351017300874
RLG_AinsBYU209_Ava_chr6D-218494_TSD	1.279	0.0333545833194833	0.0263305015240229
RLG_AinsBYU209_Ava_chr6D-218577_TSD	0.866	0.0462420312857485	0.0232123614114416
RLG_AinsBYU209_Ava_chr6D-218762_TSD	0.406	0.0517665704448976	0.0242089972027453
RLG_AinsBYU209_Ava_chr6D-218874_TSD	0.559	0.0308113144089586	0.0186881385102285
RLG_AinsBYU209_Ava_chr6D-218918_TSD	0.518	0.0314789944062873	0.0294673850676347
RLG_AinsBYU209_Ava_chr6D-218990_TSD	0.283	0.0281957101579206	0.0115661857013655
RLG_AinsBYU209_Ava_chr6D-219628_TSD	0.6	0.0595222958420253	0.017760691476722
RLG_AinsBYU209_Ava_chr6D-219741_TSD	0.207	0.0558378570975556	0.023848116637367
RLG_AinsBYU209_Ava_chr6D-219834_TSD	0.633	0.0284949557132051	0.0181708643593989
RLG_AinsBYU209_Ava_chr6D-219874_TSD	0.518	0.0485867368885803	0.0263376025286951
RLG_AinsBYU209_Ava_chr6D-219967_TSD	0.51	0.0523707472308107	0.0281472214699587
RLG_AinsBYU209_Ava_chr6D-220039_TSD	0.357	0.0490757534741839	0.0231524141049091
RLG_AinsBYU209_Ava_chr6D-220053_TSD	0.29	0.0330910051087147	0.00344053291777853
RLG_AinsBYU209_Ava_chr6D-220871_TSD	0.704	0.0465956682280945	0.031365275231283
RLG_AinsBYU209_Ava_chr6D-221071_TSD	0.885	0.0317940926939197	0.00820770102932644
RLG_AinsBYU209_Ava_chr6D-247528_TSD	1.088	0.0280099570543075	0.0176688613692185
RLG_AinsBYU209_Ava_chr6D-319480_TSD	0.628	0.0260162514323251	0.0267758138449109
RLG_AinsBYU209_Ava_chr7D-250338_TSD	0.943	0.0534057585138096	0.0331691495046475
RLG_AinsBYU209_Ava_chr7D-250476_TSD	0.518	0.047484034915247	0.0299416195830316
RLG_AinsBYU209_Ava_chr7D-250728_TSD	0.882	0.0387269030374365	0.0321832887276706
RLG_AinsBYU209_Ava_chr7D-251154_TSD	0.469	0.0463363935265509	0.0199566982902996
RLG_AinsBYU209_Ava_chr7D-251242_TSD	0.429	0.0376154482619283	0.0307661100033301
RLG_AinsBYU209_Ava_chr7D-251722_TSD	0.802	0.0529806041368001	0.0225510270602917
RLG_AinsBYU209_Ava_chr7D-251784_TSD	0.52	0.0318672552433628	0.0281611368525969
RLG_AinsBYU209_Ava_chr7D-251882_TSD	0.407	0.0307680102573957	0.00638153046517716
RLG_AinsBYU209_Ava_chr7D-252033_TSD	0.558	0.0299462129496233	0.0378642314992073
RLG_AinsBYU209_Ava_chr7D-252149_TSD	1.254	0.0384881267281793	0.0107090985452787
RLG_AinsBYU209_Ava_chr7D-252181_TSD	0.357	0.0416258480446245	0.0199165072120683
RLG_AinsBYU209_Ava_chr7D-252261_TSD	0.694	0.0565478499306019	0.0238270487323512
RLG_AinsBYU209_Ava_chr7D-252374_TSD	0.625	0.0389953234562652	0.0250624431735149
RLG_AinsBYU209_Ava_chr7D-252461_TSD	0.837	0.0430977210021482	0.03913222023697
RLG_AinsBYU209_Ava_chr7D-252636_TSD	0.641	0.0578245232375988	0.0125699586796333
RLG_AinsBYU209_Ava_chr7D-252780_TSD	0.357	0.0356593438206952	0.0153762630736087
RLG_AinsBYU209_Ava_chr7D-252891_TSD	0.487	0.0331474398922876	0.0192290578538039
RLG_AinsBYU209_Ava_chr7D-253271_TSD	0.478	0.0319913546404955	0.0241910696957458
RLG_AinsBYU209_Ava_chr7D-254945_TSD	0.329	0.0384068785069286	0.0250566132241678
RLG_AinsBYU209_Ava_chr7D-255491_TSD	0.358	0.0507738592480296	0.0357416313055327
RLG_AinsBYU209_Ava_chr7D-325571_TSD	0.523	0.0409173581899256	0.0185655119028226
RLG_AinsBYU209_Ava_chr7D-438178_TSD	0.626	0.0401077535219289	0.0273266986098935
RLG_AinsBYU209_Ava_chr7D-475946_TSD	0.199	0.0523190033241405	0.0303569583515701
RLG_AsatOT3098_Ava_chr1C-019435_TSD	0.745	0.0282299673747506	0.00844995587068031
RLG_AsatOT3098_Ava_chr1D-133647_TSD	0.665	0.0470537360571739	0.012207718751844
RLG_AsatOT3098_Ava_chr1D-144266_TSD	0.546	0.0390820429497342	0.0296342928484527
RLG_AsatOT3098_Ava_chr1D-145143_TSD	0.547	0.0413057494010654	0.0216430657428975
RLG_AsatOT3098_Ava_chr1D-145758_TSD	0.558	0.0282136134009058	0.0275454166640659
RLG_AsatOT3098_Ava_chr1D-145771_TSD	0.801	0.0247678522345414	0.0182492855431331
RLG_AsatOT3098_Ava_chr1D-146776_TSD	1.467	0.0213860699679502	0.0273993401341088
RLG_AsatOT3098_Ava_chr1D-147357_TSD	0.631	0.0371594281704069	0.0349880256349584
RLG_AsatOT3098_Ava_chr1D-147552_TSD	0.586	0.0437395055883025	0.0236427412063685
RLG_AsatOT3098_Ava_chr1D-147990_TSD	0.717	0.0404301925433944	0.0393275516378464
RLG_AsatOT3098_Ava_chr1D-148033_TSD	0.72	0.0416845706429328	0.0380459506829566
RLG_AsatOT3098_Ava_chr1D-148175_TSD	1.752	0.0369922842886039	0.029961546594567
RLG_AsatOT3098_Ava_chr1D-148615_TSD	0.626	0.0210608613728995	0.00992423601299215
RLG_AsatOT3098_Ava_chr1D-148764_TSD	0.803	0.0309276136823775	0.0203044284935576
RLG_AsatOT3098_Ava_chr1D-310324_TSD	0.468	0.0510775924606107	0.0180745350426214
RLG_AsatOT3098_Ava_chr1D-372932_TSD	0.593	0.0393449494469261	0.0366746723615521
RLG_AsatOT3098_Ava_chr1D-419209_TSD	0.694	0.0355271355012842	0.0364706430307993
RLG_AsatOT3098_Ava_chr1D-459684_TSD	0.6	0.0383158939732097	0.0305990991119225
RLG_AsatOT3098_Ava_chr2D-127485_TSD	0.785	0.0515748427554531	0.0284447835033846
RLG_AsatOT3098_Ava_chr2D-316387_TSD	0.801	0.0340595854839261	0.0333454065199637
RLG_AsatOT3098_Ava_chr2D-342077_TSD	0.967	0.0433992265489603	0.0281764657598424
RLG_AsatOT3098_Ava_chr2D-367226_TSD	0.745	0.029385104357908	0.0359544373558669
RLG_AsatOT3098_Ava_chr2D-368592_TSD	0.48	0.0496007898377215	0.0236194328677447
RLG_AsatOT3098_Ava_chr2D-368675_TSD	0.843	0.0334954680417077	0.039448956893244
RLG_AsatOT3098_Ava_chr2D-369089_TSD	0.461	0.056007066872898	0.0243711820123216
RLG_AsatOT3098_Ava_chr2D-369183_TSD	0.649	0.0281044496836636	0.0145149735204453
RLG_AsatOT3098_Ava_chr2D-369223_TSD	0.601	0.0525408538782805	0.0243524748632554
RLG_AsatOT3098_Ava_chr2D-369354_TSD	0.72	0.0331685025640704	-0.00242141552233008
RLG_AsatOT3098_Ava_chr2D-369397_TSD	0.399	0.0320288029437287	0.00459723668349182
RLG_AsatOT3098_Ava_chr2D-369532_TSD	0.786	0.052450167768849	0.020313161173006
RLG_AsatOT3098_Ava_chr2D-369617_TSD	0.557	0.0514138134248933	0.0291129291032557
RLG_AsatOT3098_Ava_chr2D-369625_TSD	1.251	0.0455034713196991	0.0208215058712211
RLG_AsatOT3098_Ava_chr2D-369758_TSD	0.629	0.0492441905365867	0.0126421685895638
RLG_AsatOT3098_Ava_chr2D-369845_TSD	0.439	0.0274018706798986	0.00325392800965955
RLG_AsatOT3098_Ava_chr2D-370023_TSD	0.824	0.047498140572669	0.0243154485763776
RLG_AsatOT3098_Ava_chr2D-370048_TSD	0.748	0.0555662010607493	0.0265268114987293
RLG_AsatOT3098_Ava_chr2D-370451_TSD	0.64	0.029753734831637	0.0124668349451979
RLG_AsatOT3098_Ava_chr2D-370497_TSD	0.759	0.0524562892933921	0.0285481604659749
RLG_AsatOT3098_Ava_chr2D-370617_TSD	0.468	0.0276634118055413	0.00941614418600541
RLG_AsatOT3098_Ava_chr2D-370863_TSD	0.647	0.0482477864655362	0.018605665741532
RLG_AsatOT3098_Ava_chr2D-371127_TSD	0.477	0.0428593299323655	0.0389159714812531
RLG_AsatOT3098_Ava_chr2D-371213_TSD	0.679	0.0248475037232161	0.00293398546825642
RLG_AsatOT3098_Ava_chr2D-371804_TSD	0.523	0.0414764072527705	0.0128639974578665
RLG_AsatOT3098_Ava_chr2D-382544_TSD	0.965	0.031026331617873	0.00853127134988752
RLG_AsatOT3098_Ava_chr2D-501682_TSD	0.561	0.0446139346800431	0.0369540016891499
RLG_AsatOT3098_Ava_chr3D-164097_TSD	0.569	0.0444061644219806	0.0345748843040608
RLG_AsatOT3098_Ava_chr3D-202491_TSD	0.706	0.0463676519785609	0.0206564405493083
RLG_AsatOT3098_Ava_chr3D-202554_TSD	0.447	0.040179251383962	0.0268586874729735
RLG_AsatOT3098_Ava_chr3D-202922_TSD	0.466	0.0287473868657175	0.00362392475351113
RLG_AsatOT3098_Ava_chr3D-203054_TSD	0.428	0.0327037424772382	0.0322849835407685
RLG_AsatOT3098_Ava_chr3D-203168_TSD	0.558	0.0465795170017645	0.0145663218940034
RLG_AsatOT3098_Ava_chr3D-203278_TSD	0.428	0.0352832679912966	0.0363041442606567
RLG_AsatOT3098_Ava_chr3D-203487_TSD	0.408	0.0369960810676779	0.0165395464024995
RLG_AsatOT3098_Ava_chr3D-203732_TSD	0.528	0.0357643636554572	0.0347782871329911
RLG_AsatOT3098_Ava_chr3D-203764_TSD	0.625	0.037307615223992	0.0189548490878959
RLG_AsatOT3098_Ava_chr3D-204203_TSD	1.466	0.0484495859265465	0.0300750979670238
RLG_AsatOT3098_Ava_chr3D-204428_TSD	0.587	0.0410494278133303	0.031482264515879
RLG_AsatOT3098_Ava_chr3D-204666_TSD	0.356	0.0272731724675013	0.0171858299745562
RLG_AsatOT3098_Ava_chr3D-204838_TSD	0.237	0.0377792432737388	0.0201239463028709
RLG_AsatOT3098_Ava_chr3D-205020_TSD	0.586	0.0366548684681166	0.0306752843083703
RLG_AsatOT3098_Ava_chr3D-205349_TSD	0.388	0.0363386855454373	0.0364746521300717
RLG_AsatOT3098_Ava_chr3D-205462_TSD	0.493	0.0381743264098585	0.0384715741239371
RLG_AsatOT3098_Ava_chr3D-205547_TSD	0.609	0.0196407681439733	0.0215589379007471
RLG_AsatOT3098_Ava_chr3D-205688_TSD	0.437	0.0373097856959721	0.0345931923834534
RLG_AsatOT3098_Ava_chr3D-206337_TSD	0.358	0.0481309963718304	0.0368327771984346
RLG_AsatOT3098_Ava_chr3D-206401_TSD	0.508	0.0418682837247051	0.0328690286799477
RLG_AsatOT3098_Ava_chr3D-207336_TSD	0.744	0.031755077129762	-0.0010461055355172
RLG_AsatOT3098_Ava_chr3D-207360_TSD	0.744	0.0313083048478816	-0.000702338482186318
RLG_AsatOT3098_Ava_chr3D-207624_TSD	0.548	0.0325158710178681	0.0100019550855503
RLG_AsatOT3098_Ava_chr3D-207777_TSD	0.585	0.0352848079366841	0.0334760735548826
RLG_AsatOT3098_Ava_chr3D-207791_TSD	0.678	0.0311869284472283	-0.00357005458007719
RLG_AsatOT3098_Ava_chr3D-207802_TSD	0.84	0.0404646310976791	0.0265854710163054
RLG_AsatOT3098_Ava_chr3D-212210_TSD	0.389	0.034560300185461	0.0109321522026121
RLG_AsatOT3098_Ava_chr4C-018653_TSD	0.802	0.0458768121939941	0.0276427087042131
RLG_AsatOT3098_Ava_chr4D-324214_TSD	0.357	0.050070854241756	0.0294670032243674
RLG_AsatOT3098_Ava_chr5D-189375_TSD	0.405	0.038428006949475	0.0315561760308164
RLG_AsatOT3098_Ava_chr5D-189754_TSD	0.447	0.0377220442668808	0.0307106831456137
RLG_AsatOT3098_Ava_chr5D-190598_TSD	0.547	0.0375418213900797	0.0205932538232777
RLG_AsatOT3098_Ava_chr5D-190703_TSD	1.024	0.0369404124058313	0.0353812203009076
RLG_AsatOT3098_Ava_chr5D-190749_TSD	0.558	0.0293097291122935	0.0152866571608325
RLG_AsatOT3098_Ava_chr5D-190822_TSD	0.517	0.0448983123315538	0.0353635369291723
RLG_AsatOT3098_Ava_chr5D-191039_TSD	0.736	0.0343302781877218	0.0208893719979771
RLG_AsatOT3098_Ava_chr5D-191188_TSD	0.399	0.0277028271162671	0.0204658397961739
RLG_AsatOT3098_Ava_chr5D-191543_TSD	0.694	0.0552266500404714	0.0329237867917183
RLG_AsatOT3098_Ava_chr5D-191749_TSD	0.665	0.047737459105316	0.0361363290528947
RLG_AsatOT3098_Ava_chr5D-191785_TSD	0.64	0.0404911398081821	0.0136692854779353
RLG_AsatOT3098_Ava_chr5D-192114_TSD	0.651	0.0452265506664406	0.0345577307981124
RLG_AsatOT3098_Ava_chr5D-192127_TSD	0.883	0.0458857247474952	0.010635855582007
RLG_AsatOT3098_Ava_chr5D-192259_TSD	1.62	0.051421990351965	0.0216794893333523
RLG_AsatOT3098_Ava_chr5D-192477_TSD	0.477	0.0507694524619306	0.0280697848270775
RLG_AsatOT3098_Ava_chr5D-192546_TSD	1.025	0.0486013847558806	0.028909860108656
RLG_AsatOT3098_Ava_chr5D-192560_TSD	0.558	0.0354110305208883	0.036277743200659
RLG_AsatOT3098_Ava_chr5D-192837_TSD	0.923	0.0306834311524381	0.000868549004474863
RLG_AsatOT3098_Ava_chr5D-192906_TSD	0.682	0.0451175356849681	0.0341727143800035
RLG_AsatOT3098_Ava_chr5D-194225_TSD	0.787	0.0392390498798046	0.0377292282819808
RLG_AsatOT3098_Ava_chr6D-089515_TSD	1.147	0.0337605058059989	0.0363254958043039
RLG_AsatOT3098_Ava_chr6D-098293_TSD	0.477	0.0372638916911388	0.0350346170396946
RLG_AsatOT3098_Ava_chr6D-098680_TSD	0.401	0.027667678997007	0.0216112169328137
RLG_AsatOT3098_Ava_chr6D-098866_TSD	0.467	0.0491323730625431	0.022214516641473
RLG_AsatOT3098_Ava_chr6D-099131_TSD	1.148	0.0431397253115936	0.0295991452475324
RLG_AsatOT3098_Ava_chr6D-099182_TSD	0.49	0.0287090967738744	0.0357884426978397
RLG_AsatOT3098_Ava_chr6D-099255_TSD	0.642	0.0323611941854322	0.03159891072626
RLG_AsatOT3098_Ava_chr6D-099310_TSD	0.735	0.0353795489297416	0.0241643307903572
RLG_AsatOT3098_Ava_chr6D-100206_TSD	0.651	0.0441966480282115	0.0242117316051363
RLG_AsatOT3098_Ava_chr6D-100234_TSD	0.611	0.0441888669619803	0.024215362228533
RLG_AsatOT3098_Ava_chr6D-100461_TSD	0.546	0.0550794351660121	0.0175654597389461
RLG_AsatOT3098_Ava_chr6D-100679_TSD	0.865	0.0468085749009462	0.0420204348703435
RLG_AsatOT3098_Ava_chr6D-100784_TSD	0.785	0.0468079307587315	0.0418742968522667
RLG_AsatOT3098_Ava_chr6D-101167_TSD	0.437	0.0388552168619839	0.0241938928054721
RLG_AsatOT3098_Ava_chr6D-101463_TSD	0.587	0.027813026007419	0.0308963688447879
RLG_AsatOT3098_Ava_chr6D-101506_TSD	0.719	0.0343957056757344	0.00597896671065862
RLG_AsatOT3098_Ava_chr6D-102534_TSD	0.678	0.0303696963610601	0.0294285114863309
RLG_AsatOT3098_Ava_chr6D-102982_TSD	0.598	0.0459071835129185	0.0298639544380651
RLG_AsatOT3098_Ava_chr6D-129834_TSD	1.047	0.0271298998503908	0.0204800304662787
RLG_AsatOT3098_Ava_chr6D-201209_TSD	0.548	0.0264410134318478	0.026310469410839
RLG_AsatOT3098_Ava_chr7C-305303_TSD	0.985	0.0387611897089283	0.0229831641465452
RLG_AsatOT3098_Ava_chr7D-043036_TSD	0.664	0.0516200469350215	0.0262017551251911
RLG_AsatOT3098_Ava_chr7D-223342_TSD	1.038	0.041636953689399	0.0224522388809041
RLG_AsatOT3098_Ava_chr7D-223640_TSD	0.744	0.0435764865749685	0.0247417050183465
RLG_AsatOT3098_Ava_chr7D-224109_TSD	0.477	0.0512729128125163	0.034759460592375
RLG_AsatOT3098_Ava_chr7D-224764_TSD	0.487	0.0556945657402607	0.0338202388921054
RLG_AsatOT3098_Ava_chr7D-225020_TSD	0.389	0.0465304996978339	0.0297378916922513
RLG_AsatOT3098_Ava_chr7D-226273_TSD	0.468	0.0465169488872544	0.0286223512343535
RLG_AsatOT3098_Ava_chr7D-226364_TSD	0.438	0.0350492388455864	0.0224972448636823
RLG_AsatOT3098_Ava_chr7D-226375_TSD	0.637	0.0491032002910623	0.0305892807839899
RLG_AsatOT3098_Ava_chr7D-226547_TSD	0.556	0.0556448395507522	0.0197919695375176
RLG_AsatOT3098_Ava_chr7D-226667_TSD	0.405	0.0274897510172999	0.000446344473218952
RLG_AsatOT3098_Ava_chr7D-227188_TSD	0.478	0.0429784332269897	0.0292814257172353
RLG_AsatOT3098_Ava_chr7D-227728_TSD	0.607	0.0539584898869861	0.0173501680477676
RLG_AsatOT3098_Ava_chr7D-227789_TSD	0.318	0.0273268875983348	0.038533134172001
RLG_AsatOT3098_Ava_chr7D-227838_TSD	0.683	0.0445478769018808	0.0289009669796082
RLG_AsatOT3098_Ava_chr7D-227893_TSD	0.612	0.0279636114009782	0.0196560969642127
RLG_AsatOT3098_Ava_chr7D-228210_TSD	0.769	0.0467618334389653	0.031823926423494
RLG_AsatOT3098_Ava_chr7D-228282_TSD	0.586	0.0513316650625473	0.0292594010579251
RLG_AsatOT3098_Ava_chr7D-228586_TSD	0.763	0.0290028783941184	0.0366171981654078
RLG_AsatOT3098_Ava_chr7D-229044_TSD	0.625	0.059248520743644	0.00309506091388017
RLG_AsatOT3098_Ava_chr7D-229157_TSD	0.548	0.0355308654013378	0.0213451274941697
RLG_AsatOT3098_Ava_chr7D-229233_TSD	0.58	0.0425379159970671	0.038134086934229
RLG_AsatOT3098_Ava_chr7D-229540_TSD	0.437	0.0413533281113258	0.0227953142651742
RLG_AsatOT3098_Ava_chr7D-229670_TSD	0.487	0.0324445458782389	0.0190785390762821
RLG_AsatOT3098_Ava_chr7D-229866_TSD	1.422	0.0373094571809152	0.0329491601818699
RLG_AsatOT3098_Ava_chr7D-229874_TSD	0.928	0.0263431667651046	-0.00486237172372834
RLG_AsatOT3098_Ava_chr7D-229982_TSD	0.707	0.0507671906812895	0.0260482220790136
RLG_AsatOT3098_Ava_chr7D-230081_TSD	0.82	0.0325030671283249	0.0236557377890857
RLG_AsatOT3098_Ava_chr7D-230183_TSD	0.613	0.047762981530354	0.0218744446896781
RLG_AsatOT3098_Ava_chr7D-233782_TSD	0.438	0.0476792452312094	0.0348561806152392
RLG_AsatOT3098_Ava_chr7D-234339_TSD	0.682	0.0393290906268142	0.0261496016348349
RLG_AsatOT3098_Ava_chr7D-303260_TSD	0.478	0.0468713338080814	0.0220885010111893
RLG_AsatOT3098_Ava_chr7D-420647_TSD	0.625	0.0394062966940372	0.0227449436254976
