RLG_AatlCC7277As_Ava_chr1A-005867_TSD	1.174	-0.00616254435680892	0.0216799329676732
RLG_AatlCC7277As_Ava_chr1A-026321_TSD	0.871	-0.00734351453438742	0.0240425334212859
RLG_AatlCC7277As_Ava_chr1A-074205_TSD	0.949	-0.00747384941846943	0.025163069370768
RLG_AatlCC7277As_Ava_chr1A-074213_TSD	1.329	-0.00767250209173812	0.0247498439254759
RLG_AatlCC7277As_Ava_chr1A-173116_TSD	0.968	-0.00790521047249747	0.0276829597991063
RLG_AatlCC7277As_Ava_chr1A-176653_TSD	1.178	-0.00731500541438786	0.0227069756852553
RLG_AatlCC7277As_Ava_chr1A-186388_TSD	1.479	-0.00797966358645369	0.0276997449958692
RLG_AatlCC7277As_Ava_chr1A-208695_TSD	2.298	-0.00428759974369883	0.0194671016194125
RLG_AatlCC7277As_Ava_chr1A-225036_TSD	1.497	-0.00729858838375431	0.0223624563529927
RLG_AatlCC7277As_Ava_chr1A-225568_TSD	1.155	-0.0076956250359326	0.0255347208263519
RLG_AatlCC7277As_Ava_chr1A-228148_TSD	2.323	-0.00353109441064937	0.018663511003672
RLG_AatlCC7277As_Ava_chr1A-230175_TSD	2.081	-0.00632847080381665	0.0215938847778038
RLG_AatlCC7277As_Ava_chr1A-230281_TSD	1.522	-0.0051908999365464	0.0200807434965866
RLG_AatlCC7277As_Ava_chr1A-230403_TSD	1.141	-0.00813289592629447	0.025226007930565
RLG_AatlCC7277As_Ava_chr1A-230874_TSD	1.194	-0.00755348997123144	0.0245148041393187
RLG_AatlCC7277As_Ava_chr1A-234038_TSD	1.301	-0.00716701204129094	0.0220384655561979
RLG_AatlCC7277As_Ava_chr1A-234307_TSD	1.178	-0.00734916006610328	0.0239064255263255
RLG_AatlCC7277As_Ava_chr1A-234324_TSD	1.478	-0.00738510398916714	0.0230964761757146
RLG_AatlCC7277As_Ava_chr1A-243379_TSD	1.861	-0.0063292410974337	0.0202002158687555
RLG_AatlCC7277As_Ava_chr1A-244704_TSD	1.723	-0.00757943522325739	0.0244595363535661
RLG_AatlCC7277As_Ava_chr1A-244863_TSD	1.569	-0.00685743102692966	0.0226661036433905
RLG_AatlCC7277As_Ava_chr1A-250101_TSD	1.272	-0.00436230927062621	0.0201801933703344
RLG_AatlCC7277As_Ava_chr1A-314505_TSD	1.541	-0.0073409480524514	0.0232732244649768
RLG_AatlCC7277As_Ava_chr1A-424820_TSD	0.74	-0.00720426721840061	0.022745071004858
RLG_AatlCC7277As_Ava_chr1A-431697_TSD	0.967	-0.00767009061647041	0.0259038093757283
RLG_AatlCC7277As_Ava_chr2A-033817_TSD	0.869	-0.00773229287352765	0.0259334007601267
RLG_AatlCC7277As_Ava_chr2A-064933_TSD	0.584	-0.00824468135875125	0.0272804526477539
RLG_AatlCC7277As_Ava_chr2A-077993_TSD	1.127	-0.00770258995885853	0.0251649847992215
RLG_AatlCC7277As_Ava_chr2A-110942_TSD	2.218	-0.004663282628532	0.0205296463990261
RLG_AatlCC7277As_Ava_chr2A-184085_TSD	1.76	-0.00713931804607945	0.0225440448055828
RLG_AatlCC7277As_Ava_chr2A-193546_TSD	1.093	-0.00730372567289233	0.0254399486623027
RLG_AatlCC7277As_Ava_chr2A-201134_TSD	0.792	-0.0082837505760339	0.0276323663429747
RLG_AatlCC7277As_Ava_chr2A-201192_TSD	1.324	-0.00790374342299117	0.0259026857624649
RLG_AatlCC7277As_Ava_chr2A-202828_TSD	0.809	-0.00774733617128905	0.0244330986605518
RLG_AatlCC7277As_Ava_chr2A-203762_TSD	1.229	-0.00818823429262887	0.0273187994237172
RLG_AatlCC7277As_Ava_chr2A-206481_TSD	1.475	-0.007350776565682	0.0244053617931896
RLG_AatlCC7277As_Ava_chr2A-207229_TSD	1.273	-0.0081364638568952	0.0269959763713684
RLG_AatlCC7277As_Ava_chr2A-207875_TSD	1.221	-0.00780802572508227	0.0262847680611156
RLG_AatlCC7277As_Ava_chr2A-209757_TSD	1.203	-0.00735981354402787	0.0252598197255468
RLG_AatlCC7277As_Ava_chr2A-210082_TSD	1.247	-0.00701315740368959	0.0225068939311085
RLG_AatlCC7277As_Ava_chr2A-213169_TSD	1.32	-0.00621527364447303	0.0211736023231906
RLG_AatlCC7277As_Ava_chr2A-214054_TSD	2.11	-0.00459414914985925	0.0194069138131773
RLG_AatlCC7277As_Ava_chr2A-214330_TSD	1.26	-0.00807977327137308	0.0255206335108476
RLG_AatlCC7277As_Ava_chr2A-262669_TSD	1.439	-0.00815464938767352	0.0256624460395982
RLG_AatlCC7277As_Ava_chr2A-272382_TSD	1.06	-0.00807663438371465	0.0217619572657283
RLG_AatlCC7277As_Ava_chr2A-275165_TSD	0.929	-0.00824199830678861	0.0272159676481495
RLG_AatlCC7277As_Ava_chr2A-313009_TSD	0.689	-0.00808668742582215	0.0263755160413552
RLG_AatlCC7277As_Ava_chr2A-375940_TSD	0.767	-0.00800822595033988	0.0245086053589934
RLG_AatlCC7277As_Ava_chr2A-417695_TSD	1.929	-0.00411662276136965	0.0193288624965704
RLG_AatlCC7277As_Ava_chr2A-466690_TSD	0.312	-0.00817509847783962	0.0260815166130451
RLG_AatlCC7277As_Ava_chr3A-148173_TSD	0.871	-0.00814192896916219	0.0270276112484516
RLG_AatlCC7277As_Ava_chr3A-226323_TSD	2.259	-0.00735163580518346	0.0239992794207002
RLG_AatlCC7277As_Ava_chr3A-255055_TSD	1.606	-0.00727396612895555	0.0244589327990647
RLG_AatlCC7277As_Ava_chr3A-255958_TSD	1.588	-0.00758790461357414	0.0232576524871548
RLG_AatlCC7277As_Ava_chr3A-256390_TSD	1.365	-0.00729588138666534	0.023771138548707
RLG_AatlCC7277As_Ava_chr3A-256907_TSD	1.581	-0.00740117475042352	0.0240112671923384
RLG_AatlCC7277As_Ava_chr3A-259391_TSD	0.931	-0.00766231418816296	0.0250658212953965
RLG_AatlCC7277As_Ava_chr3A-263389_TSD	1.318	-0.00752387883891726	0.0237195950467621
RLG_AatlCC7277As_Ava_chr3A-271913_TSD	0.75	-0.00784764160213158	0.0275055176815738
RLG_AatlCC7277As_Ava_chr3A-290475_TSD	1.129	-0.00747814214788684	0.0247776091536084
RLG_AatlCC7277As_Ava_chr3A-328500_TSD	1.129	-0.00778447852121871	0.0270680705781565
RLG_AatlCC7277As_Ava_chr3A-331606_TSD	0.746	-0.00827485473627358	0.0256693716245548
RLG_AatlCC7277As_Ava_chr3A-342099_TSD	1.78	-0.00513222926710696	0.0210273344294031
RLG_AatlCC7277As_Ava_chr3A-383749_TSD	1.109	-0.00780826049714469	0.0274888198627547
RLG_AatlCC7277As_Ava_chr3A-482569_TSD	1.1	-0.007166046875321	0.0228299871867116
RLG_AatlCC7277As_Ava_chr3A-484864_TSD	0.516	-0.00790754657904908	0.0268372891424653
RLG_AatlCC7277As_Ava_chr4A-057341_TSD	0.749	-0.00795932469587235	0.0266332417562715
RLG_AatlCC7277As_Ava_chr4A-176021_TSD	1.905	-0.00720217834730051	0.022699013815596
RLG_AatlCC7277As_Ava_chr4A-192928_TSD	1.027	-0.00644211353528377	0.0210204277204696
RLG_AatlCC7277As_Ava_chr4A-197848_TSD	2.065	-0.00702420142440381	0.0233154612735794
RLG_AatlCC7277As_Ava_chr4A-197891_TSD	1.216	-0.00738118120081678	0.0240843155536929
RLG_AatlCC7277As_Ava_chr4A-198406_TSD	1.907	-0.00698059044973084	0.0227044159044061
RLG_AatlCC7277As_Ava_chr4A-198737_TSD	1.777	-0.00687462128275888	0.0228297954640264
RLG_AatlCC7277As_Ava_chr4A-199820_TSD	0.716	-0.00766527722706866	0.0269557529615289
RLG_AatlCC7277As_Ava_chr4A-200164_TSD	0.646	-0.00786620806869604	0.0269068065798801
RLG_AatlCC7277As_Ava_chr4A-200289_TSD	1.102	-0.00774052562086987	0.0252997408726186
RLG_AatlCC7277As_Ava_chr4A-204397_TSD	0.829	-0.00806747220166551	0.0273564827075728
RLG_AatlCC7277As_Ava_chr4A-207717_TSD	1.19	-0.00749209657894984	0.0250345831070271
RLG_AatlCC7277As_Ava_chr4A-208968_TSD	0.511	-0.00838457806756798	0.0280761291587131
RLG_AatlCC7277As_Ava_chr4A-209547_TSD	0.831	-0.00762329410436109	0.0269150589666764
RLG_AatlCC7277As_Ava_chr4A-354450_TSD	1.275	-0.00745823664873892	0.0245548239858484
RLG_AatlCC7277As_Ava_chr4A-383206_TSD	0.195	-0.00755862758253247	0.0249027730902126
RLG_AatlCC7277As_Ava_chr4A-443840_TSD	1.161	-0.00820388996861455	0.0269235513938515
RLG_AatlCC7277As_Ava_chr5A-041295_TSD	0.313	-0.00744027689885916	0.024425752295142
RLG_AatlCC7277As_Ava_chr5A-060485_TSD	1.201	-0.00740581118869587	0.0240060334217283
RLG_AatlCC7277As_Ava_chr5A-109762_TSD	1.374	-0.00692729880641274	0.0239524148269846
RLG_AatlCC7277As_Ava_chr5A-113680_TSD	0.878	-0.00801484302235359	0.0276386419458815
RLG_AatlCC7277As_Ava_chr5A-167434_TSD	1.123	-0.00770131150112298	0.0258085896553924
RLG_AatlCC7277As_Ava_chr5A-269517_TSD	1.83	-0.00452386889292338	0.0209677802272468
RLG_AatlCC7277As_Ava_chr5A-269530_TSD	1.787	-0.00466730508510143	0.0216523569646351
RLG_AatlCC7277As_Ava_chr5A-271209_TSD	1.129	-0.00783585285620294	0.0265875221426503
RLG_AatlCC7277As_Ava_chr5A-271328_TSD	1.304	-0.00754683993438943	0.0244681641970967
RLG_AatlCC7277As_Ava_chr5A-273134_TSD	2.282	-0.00398303044120858	0.0202505717067408
RLG_AatlCC7277As_Ava_chr5A-274023_TSD	1.786	-0.0052483083532234	0.0204442195124397
RLG_AatlCC7277As_Ava_chr5A-274439_TSD	1.844	-0.00715753361651139	0.0233658810352388
RLG_AatlCC7277As_Ava_chr5A-275006_TSD	1.661	-0.00741344987861133	0.0243747059629042
RLG_AatlCC7277As_Ava_chr5A-275299_TSD	1.704	-0.00481453270544707	0.0192349923014739
RLG_AatlCC7277As_Ava_chr5A-277449_TSD	0.941	-0.0079579933934161	0.0264367192364492
RLG_AatlCC7277As_Ava_chr5A-277571_TSD	0.93	-0.00811593031582351	0.024450001837996
RLG_AatlCC7277As_Ava_chr5A-277629_TSD	0.937	-0.00824808650090991	0.026670983086621
RLG_AatlCC7277As_Ava_chr5A-279421_TSD	1.569	-0.00598863378750187	0.0216134286485745
RLG_AatlCC7277As_Ava_chr5A-280994_TSD	1.555	-0.00745745495304452	0.0239435659668249
RLG_AatlCC7277As_Ava_chr5A-282964_TSD	2.072	-0.00456557700239636	0.0205066603553538
RLG_AatlCC7277As_Ava_chr5A-293915_TSD	1.909	-0.00448426624022616	0.0206699300508301
RLG_AatlCC7277As_Ava_chr5A-297710_TSD	1.158	-0.00828353152001194	0.0249615143786761
RLG_AatlCC7277As_Ava_chr5A-300151_TSD	1.233	-0.00810182534246529	0.0239107694059002
RLG_AatlCC7277As_Ava_chr5A-315586_TSD	1.334	-0.00739582259066817	0.0237009479824258
RLG_AatlCC7277As_Ava_chr5A-318260_TSD	1.978	-0.00766667975535229	0.0244894623648084
RLG_AatlCC7277As_Ava_chr5A-346871_TSD	0.973	-0.00805524801127466	0.025108592241472
RLG_AatlCC7277As_Ava_chr6A-053005_TSD	0.603	-0.00797549595128827	0.0268703221346769
RLG_AatlCC7277As_Ava_chr6A-057625_TSD	1.269	-0.00803138397793241	0.0276000514235886
RLG_AatlCC7277As_Ava_chr6A-082987_TSD	1.683	-0.00697036854096463	0.0228391447660563
RLG_AatlCC7277As_Ava_chr6A-093257_TSD	1.632	-0.00694014623120115	0.0225835342141302
RLG_AatlCC7277As_Ava_chr6A-095125_TSD	1.354	-0.00718396888311286	0.0239537908504366
RLG_AatlCC7277As_Ava_chr6A-095800_TSD	1.138	-0.00745571050971691	0.0245411724206015
RLG_AatlCC7277As_Ava_chr6A-100290_TSD	2.015	-0.00703772267925981	0.0228769364213661
RLG_AatlCC7277As_Ava_chr6A-107178_TSD	2.165	-0.00381287628753691	0.0202138627783599
RLG_AatlCC7277As_Ava_chr6A-111710_TSD	2.025	-0.00466163330411665	0.0199494825793938
RLG_AatlCC7277As_Ava_chr6A-111785_TSD	1.735	-0.00736401348328958	0.0226022445334601
RLG_AatlCC7277As_Ava_chr6A-112525_TSD	1.477	-0.00726919522268496	0.0230520288515667
RLG_AatlCC7277As_Ava_chr6A-112898_TSD	0.792	-0.00787308323437723	0.0266080064461113
RLG_AatlCC7277As_Ava_chr6A-114125_TSD	0.793	-0.00805862180770864	0.0261858662449002
RLG_AatlCC7277As_Ava_chr6A-114139_TSD	1.21	-0.00814444978323601	0.0258326667059651
RLG_AatlCC7277As_Ava_chr6A-299361_TSD	0.63	-0.0081020392168658	0.0272252464093409
RLG_AatlCC7277As_Ava_chr6A-330358_TSD	1.784	-0.0044728000960226	0.0211568894871782
RLG_AatlCC7277As_Ava_chr7A-024890_TSD	0.725	-0.0082714421376263	0.0265493869115696
RLG_AatlCC7277As_Ava_chr7A-092979_TSD	1.312	-0.00423483791215521	0.0205255043651197
RLG_AatlCC7277As_Ava_chr7A-158570_TSD	1.038	-0.00799571405968207	0.0236803278235629
RLG_AatlCC7277As_Ava_chr7A-180000_TSD	0.808	-0.00817762680065279	0.0269515579658379
RLG_AatlCC7277As_Ava_chr7A-185252_TSD	1.787	-0.00431488358157576	0.0205739676853854
RLG_AatlCC7277As_Ava_chr7A-233556_TSD	0.914	-0.00815848865621924	0.0257206835616653
RLG_AatlCC7277As_Ava_chr7A-237138_TSD	1.652	-0.00727657071384027	0.0236543628096891
RLG_AatlCC7277As_Ava_chr7A-237170_TSD	1.808	-0.00744077031528525	0.0234703836865176
RLG_AatlCC7277As_Ava_chr7A-263978_TSD	1.132	-0.00498800570368393	0.0209206958828836
RLG_AatlCC7277As_Ava_chr7A-282802_TSD	1.275	-0.00728451330677098	0.0242726008866314
RLG_AatlCC7277As_Ava_chr7A-290599_TSD	0.48	-0.0080436768648571	0.0266115318859286
RLG_AatlCC7277As_Ava_chr7A-295552_TSD	1.65	-0.00748623779175896	0.0241850149499588
RLG_AatlCC7277As_Ava_chr7A-298736_TSD	1.648	-0.00533914170685093	0.0209421201418426
RLG_AatlCC7277As_Ava_chr7A-299600_TSD	1.389	-0.00728974667291306	0.0236266800136
RLG_AatlCC7277As_Ava_chr7A-300010_TSD	1.4	-0.0053645281487745	0.0206677368819272
RLG_AatlCC7277As_Ava_chr7A-301031_TSD	1.349	-0.00797773139418635	0.024054085013412
RLG_AatlCC7277As_Ava_chr7A-301309_TSD	1.035	-0.0081054778515854	0.0264984256000166
RLG_AatlCC7277As_Ava_chr7A-302290_TSD	1.1	-0.00823313021830877	0.0248755304221542
RLG_AatlCC7277As_Ava_chr7A-302571_TSD	0.884	-0.00783124416456797	0.0259427406631417
RLG_AatlCC7277As_Ava_chr7A-302944_TSD	0.811	-0.00816817583318727	0.0235066682645164
RLG_AatlCC7277As_Ava_chr7A-305551_TSD	0.575	-0.00802873873682853	0.0254589017310275
RLG_AatlCC7277As_Ava_chr7A-331553_TSD	0.866	-0.00749702964312999	0.0249789514599964
RLG_AatlCC7277As_Ava_chr7A-473012_TSD	0.645	-0.00820846509175096	0.0237560018160587
RLG_AatlCC7277As_Ava_chr7A-565836_TSD	0.777	-0.00803355173949661	0.0279891630089231
RLG_AinsBYU209_Ava_chr1C-030536_TSD	0.835	-0.00728941460742734	0.0232132833771168
RLG_AinsBYU209_Ava_chr1D-081043_TSD	0.654	-0.00676787624045749	0.0234066821040299
RLG_AinsBYU209_Ava_chr1D-107393_TSD	1.12	-0.0071619027996964	0.0226397798881053
RLG_AinsBYU209_Ava_chr1D-125886_TSD	1.012	-0.00830237855777591	0.0267949390499246
RLG_AinsBYU209_Ava_chr1D-130661_TSD	0.679	-0.00821691174721131	0.0263988187244977
RLG_AinsBYU209_Ava_chr1D-137544_TSD	1.083	-0.00745732767311241	0.0227937602871514
RLG_AinsBYU209_Ava_chr1D-139755_TSD	2.074	-0.00709893558038637	0.0223349332850656
RLG_AinsBYU209_Ava_chr1D-141101_TSD	0.587	-0.0082212330190317	0.0277653956738541
RLG_AinsBYU209_Ava_chr1D-141860_TSD	0.468	-0.00811801978789374	0.0269739868875725
RLG_AinsBYU209_Ava_chr1D-141882_TSD	1.162	-0.0073589947992039	0.0229112026468526
RLG_AinsBYU209_Ava_chr1D-142253_TSD	0.412	-0.00813399499870929	0.027021007837944
RLG_AinsBYU209_Ava_chr1D-142581_TSD	0.35	-0.00837723109621544	0.0276345314341708
RLG_AinsBYU209_Ava_chr1D-143824_TSD	1.937	-0.00712971041399117	0.0226819627331427
RLG_AinsBYU209_Ava_chr1D-144246_TSD	1.905	-0.00619709916175505	0.0214070613567271
RLG_AinsBYU209_Ava_chr1D-145739_TSD	1.4	-0.00740377049368688	0.0244621135362468
RLG_AinsBYU209_Ava_chr1D-165297_TSD	2.039	-0.00429005104819678	0.0203711927121378
RLG_AinsBYU209_Ava_chr1D-235972_TSD	0.956	-0.00734812621544805	0.0248856008209235
RLG_AinsBYU209_Ava_chr1D-327514_TSD	1.383	-0.00733253210953836	0.0232974862492234
RLG_AinsBYU209_Ava_chr1D-329184_TSD	0.777	-0.0071779563999372	0.023475255790084
RLG_AinsBYU209_Ava_chr1D-352355_TSD	1.244	-0.00694098439467039	0.0234362453453926
RLG_AinsBYU209_Ava_chr1D-354371_TSD	0.462	-0.00833703083930856	0.0275206284295346
RLG_AinsBYU209_Ava_chr1D-357050_TSD	0.638	-0.00824807967525926	0.0263915970877459
RLG_AinsBYU209_Ava_chr1D-400518_TSD	0.638	-0.0082160543734172	0.0268852130644014
RLG_AinsBYU209_Ava_chr1D-435456_TSD	0.59	-0.00805353292914911	0.0275481730591845
RLG_AinsBYU209_Ava_chr1D-440504_TSD	0.448	-0.00831512713950664	0.027539289803799
RLG_AinsBYU209_Ava_chr1D-447851_TSD	0.357	-0.00815385496830956	0.0268720466563572
RLG_AinsBYU209_Ava_chr2D-121900_TSD	0.807	-0.00788457650098688	0.0254019650595229
RLG_AinsBYU209_Ava_chr2D-125704_TSD	0.708	-0.00806191230251788	0.0269307882751903
RLG_AinsBYU209_Ava_chr2D-127099_TSD	1.177	-0.00758474856240986	0.0262766729361297
RLG_AinsBYU209_Ava_chr2D-152651_TSD	0.447	-0.0080107133689328	0.0277778303952191
RLG_AinsBYU209_Ava_chr2D-165811_TSD	1.297	-0.00747286291841738	0.0245164524359432
RLG_AinsBYU209_Ava_chr2D-172993_TSD	2.046	-0.0050570112377304	0.0203078139739896
RLG_AinsBYU209_Ava_chr2D-175664_TSD	1.426	-0.00733678699974165	0.0233780526307362
RLG_AinsBYU209_Ava_chr2D-175975_TSD	1.895	-0.00491449445676624	0.0210593724756454
RLG_AinsBYU209_Ava_chr2D-176125_TSD	1.044	-0.00800708065454902	0.0245375415288355
RLG_AinsBYU209_Ava_chr2D-176142_TSD	1.663	-0.00775079053386253	0.0264030617465309
RLG_AinsBYU209_Ava_chr2D-176230_TSD	1.331	-0.00619637142292874	0.0192355485756741
RLG_AinsBYU209_Ava_chr2D-176271_TSD	1.904	-0.00719607712264854	0.0224840154340185
RLG_AinsBYU209_Ava_chr2D-177387_TSD	0.513	-0.00829923043771776	0.0255998471289691
RLG_AinsBYU209_Ava_chr2D-177412_TSD	1.774	-0.00718386783699692	0.023166784277824
RLG_AinsBYU209_Ava_chr2D-177824_TSD	2.393	-0.00818679480206548	0.0281325656211873
RLG_AinsBYU209_Ava_chr2D-177875_TSD	0.155	-0.00810503350330135	0.0252072410030788
RLG_AinsBYU209_Ava_chr2D-177920_TSD	0.557	-0.00830875831069602	0.0273095954021216
RLG_AinsBYU209_Ava_chr2D-178101_TSD	1.178	-0.00836187980936857	0.0228855630740136
RLG_AinsBYU209_Ava_chr2D-178213_TSD	2.254	-0.00829993401823528	0.0256912883023675
RLG_AinsBYU209_Ava_chr2D-178424_TSD	0.5	-0.00715259984820214	0.0262551065031054
RLG_AinsBYU209_Ava_chr2D-178507_TSD	0.874	-0.00736536697375085	0.0240093463740039
RLG_AinsBYU209_Ava_chr2D-178865_TSD	0.746	-0.00834237739315274	0.0274746812122927
RLG_AinsBYU209_Ava_chr2D-178919_TSD	0.482	-0.0082183173770229	0.0258664004189995
RLG_AinsBYU209_Ava_chr2D-179584_TSD	0.742	-0.00799888852709792	0.0244499799762032
RLG_AinsBYU209_Ava_chr2D-179611_TSD	1.353	-0.00829843088063188	0.0251211696403809
RLG_AinsBYU209_Ava_chr2D-180103_TSD	1.09	-0.00726432992061143	0.0230101513038469
RLG_AinsBYU209_Ava_chr2D-181407_TSD	0.55	-0.00840646737866853	0.0278366495299079
RLG_AinsBYU209_Ava_chr2D-182553_TSD	0.745	-0.00817565844837948	0.0274073867438749
RLG_AinsBYU209_Ava_chr2D-187822_TSD	0.617	-0.00825561409937069	0.0270808678087203
RLG_AinsBYU209_Ava_chr2D-216859_TSD	0.919	-0.00759602230013734	0.0253723544074203
RLG_AinsBYU209_Ava_chr2D-280305_TSD	0.288	-0.00769918294256697	0.0229764141154747
RLG_AinsBYU209_Ava_chr2D-304005_TSD	0.319	-0.0081523707414575	0.0264999090155479
RLG_AinsBYU209_Ava_chr2D-337350_TSD	0.671	-0.00824756321593162	0.0266766146266324
RLG_AinsBYU209_Ava_chr2D-339992_TSD	0.745	-0.00813606992186537	0.0267880092989494
RLG_AinsBYU209_Ava_chr2D-349615_TSD	1.353	-0.00743524442616319	0.0219005465196336
RLG_AinsBYU209_Ava_chr2D-358893_TSD	1.346	-0.0042518676800228	0.018670379436625
RLG_AinsBYU209_Ava_chr2D-369009_TSD	0.566	-0.0083295320091699	0.025885839263503
RLG_AinsBYU209_Ava_chr2D-385143_TSD	1.065	-0.00823006850987391	0.0268424975709283
RLG_AinsBYU209_Ava_chr3D-052977_TSD	0.551	-0.00835176806052463	0.0262928720448695
RLG_AinsBYU209_Ava_chr3D-096135_TSD	1.153	-0.00748136438415939	0.027134416243
RLG_AinsBYU209_Ava_chr3D-108413_TSD	0.36	-0.00813568482063098	0.0260881990753013
RLG_AinsBYU209_Ava_chr3D-176455_TSD	1.414	-0.00654377349413239	0.0228256532623633
RLG_AinsBYU209_Ava_chr3D-196206_TSD	1.069	-0.00742489763277186	0.0237706540192234
RLG_AinsBYU209_Ava_chr3D-197363_TSD	1.733	-0.00443970212147198	0.0198701291190367
RLG_AinsBYU209_Ava_chr3D-198727_TSD	1.898	-0.00702751403473001	0.0240579872970609
RLG_AinsBYU209_Ava_chr3D-199305_TSD	0.524	-0.00835981683084247	0.0253341472774688
RLG_AinsBYU209_Ava_chr3D-199530_TSD	0.807	-0.00819399630794207	0.0269940950344924
RLG_AinsBYU209_Ava_chr3D-199659_TSD	0.488	-0.0082164889229268	0.0256631918156157
RLG_AinsBYU209_Ava_chr3D-199801_TSD	0.467	-0.00831833369733044	0.0268827643854475
RLG_AinsBYU209_Ava_chr3D-200085_TSD	0.446	-0.00835291515057986	0.0273964448290145
RLG_AinsBYU209_Ava_chr3D-200136_TSD	0.447	-0.00819818295512538	0.0263233800501035
RLG_AinsBYU209_Ava_chr3D-200164_TSD	0.59	-0.00819379855629307	0.0281824158316799
RLG_AinsBYU209_Ava_chr3D-200340_TSD	1.174	-0.00657893086929773	0.0192779216723727
RLG_AinsBYU209_Ava_chr3D-200460_TSD	0.627	-0.00811552383333145	0.0268772380045435
RLG_AinsBYU209_Ava_chr3D-201184_TSD	0.438	-0.0082172023676888	0.0269493698164379
RLG_AinsBYU209_Ava_chr3D-201248_TSD	0.705	-0.00833026388036157	0.0275712099081006
RLG_AinsBYU209_Ava_chr3D-201269_TSD	0.59	-0.00837539889920115	0.0285686126679738
RLG_AinsBYU209_Ava_chr3D-201320_TSD	0.321	-0.00826531591980967	0.0265396871801431
RLG_AinsBYU209_Ava_chr3D-201561_TSD	0.666	-0.00831898052914703	0.0251225628701971
RLG_AinsBYU209_Ava_chr3D-201664_TSD	0.396	-0.00804664870086014	0.0284047035265107
RLG_AinsBYU209_Ava_chr3D-201705_TSD	0.894	-0.00820071808760547	0.0285157475886819
RLG_AinsBYU209_Ava_chr3D-201773_TSD	1.429	-0.00843878055957084	0.0251800864416338
RLG_AinsBYU209_Ava_chr3D-201808_TSD	0.847	-0.00818260157773621	0.0284601819888848
RLG_AinsBYU209_Ava_chr3D-201913_TSD	0.351	-0.00835984496913299	0.0275317658342063
RLG_AinsBYU209_Ava_chr3D-203173_TSD	1.778	-0.00812629406669175	0.0250134595730128
RLG_AinsBYU209_Ava_chr3D-203181_TSD	2.312	-0.00773776245155887	0.024987456457667
RLG_AinsBYU209_Ava_chr3D-203384_TSD	0.625	-0.00860388665683769	0.0230373991228467
RLG_AinsBYU209_Ava_chr3D-203434_TSD	0.467	-0.00807675288470176	0.027119324009248
RLG_AinsBYU209_Ava_chr3D-203687_TSD	0.586	-0.00793914458117687	0.0281612068429851
RLG_AinsBYU209_Ava_chr3D-203768_TSD	0.713	-0.00823000847056238	0.0275346179826279
RLG_AinsBYU209_Ava_chr3D-206619_TSD	1.195	-0.00712470492225847	0.0233075808318578
RLG_AinsBYU209_Ava_chr3D-206980_TSD	0.233	-0.0080792973063768	0.0271915559649461
RLG_AinsBYU209_Ava_chr3D-209846_TSD	1.232	-0.00756473692820043	0.0247456536217939
RLG_AinsBYU209_Ava_chr3D-304393_TSD	0.787	-0.00777088632287726	0.0268412232293174
RLG_AinsBYU209_Ava_chr3D-309829_TSD	0.554	-0.00801493529103295	0.0267726253030548
RLG_AinsBYU209_Ava_chr3D-377787_TSD	0.634	-0.00826002971949683	0.0240181011262556
RLG_AinsBYU209_Ava_chr4C-020456_TSD	0.447	-0.00788622800316298	0.0251589568307503
RLG_AinsBYU209_Ava_chr4C-041976_TSD	1.686	-0.00635113512746124	0.0217545900995817
RLG_AinsBYU209_Ava_chr4C-049490_TSD	0.114	-0.00730647961188068	0.0256248517306393
RLG_AinsBYU209_Ava_chr4D-014676_TSD	1.399	-0.00800546185538766	0.0241326246101772
RLG_AinsBYU209_Ava_chr4D-091781_TSD	0.551	-0.00813318160202386	0.0274570984568184
RLG_AinsBYU209_Ava_chr4D-101575_TSD	0.589	-0.00811336306204304	0.0270295484536675
RLG_AinsBYU209_Ava_chr4D-126606_TSD	1.253	-0.00812449978356244	0.0240527356021015
RLG_AinsBYU209_Ava_chr4D-132815_TSD	1.943	-0.00685343687011299	0.0226274792715866
RLG_AinsBYU209_Ava_chr4D-133612_TSD	1.091	-0.00696522745136666	0.0222940028656721
RLG_AinsBYU209_Ava_chr4D-145045_TSD	1.44	-0.00630826596265414	0.0215301601520432
RLG_AinsBYU209_Ava_chr4D-149703_TSD	1.212	-0.00710477413878813	0.0228927178269899
RLG_AinsBYU209_Ava_chr4D-149903_TSD	1.004	-0.00813469196801514	0.0223802848544467
RLG_AinsBYU209_Ava_chr4D-150001_TSD	1.099	-0.00770403970648148	0.0249709242500064
RLG_AinsBYU209_Ava_chr4D-151943_TSD	2.322	-0.00366663354526831	0.0187022835591324
RLG_AinsBYU209_Ava_chr4D-154426_TSD	0.646	-0.00758128617809962	0.0271693915618138
RLG_AinsBYU209_Ava_chr4D-156541_TSD	0.698	-0.00763214886372823	0.0260955871890196
RLG_AinsBYU209_Ava_chr4D-156850_TSD	1.227	-0.00768515881782691	0.0265820611358857
RLG_AinsBYU209_Ava_chr4D-157011_TSD	0.976	-0.00766456943630985	0.0267495132686364
RLG_AinsBYU209_Ava_chr4D-157358_TSD	0.853	-0.0077095246234513	0.0259599891734573
RLG_AinsBYU209_Ava_chr4D-157551_TSD	0.477	-0.00790318355783908	0.0216963419250957
RLG_AinsBYU209_Ava_chr4D-158081_TSD	0.431	-0.00815753104045287	0.026095030544362
RLG_AinsBYU209_Ava_chr4D-158134_TSD	0.867	-0.00836537426099468	0.0273696882011774
RLG_AinsBYU209_Ava_chr4D-158362_TSD	0.767	-0.00790821575980162	0.0264863899296393
RLG_AinsBYU209_Ava_chr4D-158381_TSD	0.665	-0.00808863429939042	0.0230995007700128
RLG_AinsBYU209_Ava_chr4D-158455_TSD	0.238	-0.00851371330033785	0.0204175962584624
RLG_AinsBYU209_Ava_chr4D-158490_TSD	0.397	-0.00844824887567425	0.0211622800589798
RLG_AinsBYU209_Ava_chr4D-158616_TSD	0.744	-0.00833557418598737	0.0202578267140107
RLG_AinsBYU209_Ava_chr4D-158664_TSD	0.277	-0.00851731839868685	0.0216767382654417
RLG_AinsBYU209_Ava_chr4D-158911_TSD	0.477	-0.00781247151900919	0.0223495430072573
RLG_AinsBYU209_Ava_chr4D-158930_TSD	0.852	-0.00808119421896224	0.0272470596831732
RLG_AinsBYU209_Ava_chr4D-159109_TSD	0.631	-0.00827889792605728	0.0229521112639847
RLG_AinsBYU209_Ava_chr4D-159150_TSD	0.397	-0.008147369203222	0.0229713205654057
RLG_AinsBYU209_Ava_chr4D-159242_TSD	1.155	-0.00814493448581301	0.0252454034128312
RLG_AinsBYU209_Ava_chr4D-159503_TSD	0.626	-0.00808147081783602	0.0277522445212212
RLG_AinsBYU209_Ava_chr4D-159951_TSD	0.468	-0.00810033153901251	0.0225815013027584
RLG_AinsBYU209_Ava_chr4D-160115_TSD	1.037	-0.00773254667495224	0.0254173737038588
RLG_AinsBYU209_Ava_chr4D-160475_TSD	0.973	-0.00752713430519845	0.0265405815075113
RLG_AinsBYU209_Ava_chr4D-161132_TSD	0.992	-0.0074247154131572	0.0239077374894205
RLG_AinsBYU209_Ava_chr4D-161632_TSD	1.702	-0.0049024704525342	0.0197527081940228
RLG_AinsBYU209_Ava_chr4D-162082_TSD	0.914	-0.00774408882831307	0.0260343382689022
RLG_AinsBYU209_Ava_chr4D-163518_TSD	1.466	-0.00741370482306162	0.0248378571638464
RLG_AinsBYU209_Ava_chr4D-166875_TSD	1.014	-0.00760746727447565	0.0259694721398119
RLG_AinsBYU209_Ava_chr4D-167823_TSD	0.876	-0.00815605419686721	0.0272294967455389
RLG_AinsBYU209_Ava_chr4D-168595_TSD	0.686	-0.00782146509269643	0.0240853471453521
RLG_AinsBYU209_Ava_chr4D-170461_TSD	0.898	-0.00787377198798267	0.025715485170299
RLG_AinsBYU209_Ava_chr4D-175210_TSD	0.597	-0.00848456286973785	0.0213593811387216
RLG_AinsBYU209_Ava_chr4D-227209_TSD	0.413	-0.00823314059312093	0.0247806718031246
RLG_AinsBYU209_Ava_chr4D-291497_TSD	0.712	-0.0084924198027395	0.0258841056861202
RLG_AinsBYU209_Ava_chr4D-299464_TSD	0.518	-0.00809845774569363	0.0267046283672844
RLG_AinsBYU209_Ava_chr4D-335637_TSD	1.861	-0.00449988872069638	0.0212080529372055
RLG_AinsBYU209_Ava_chr4D-368639_TSD	0.366	-0.00814795807117376	0.0270251245915411
RLG_AinsBYU209_Ava_chr4D-382909_TSD	0.331	-0.00810908853923302	0.0262061124729765
RLG_AinsBYU209_Ava_chr4D-385586_TSD	1.698	-0.00754466270122232	0.0240293735540593
RLG_AinsBYU209_Ava_chr4D-395500_TSD	1.409	-0.00712781748670062	0.0236364134491745
RLG_AinsBYU209_Ava_chr4D-408435_TSD	0.717	-0.00796512055988822	0.0257187607959001
RLG_AinsBYU209_Ava_chr5D-040937_TSD	1.192	-0.00737593358505082	0.0206709435993304
RLG_AinsBYU209_Ava_chr5D-138852_TSD	1.027	-0.00753204874763956	0.025634667096935
RLG_AinsBYU209_Ava_chr5D-143140_TSD	0.834	-0.00811348707687287	0.0271307113080433
RLG_AinsBYU209_Ava_chr5D-167358_TSD	1.211	-0.00755214645852858	0.0236293602047385
RLG_AinsBYU209_Ava_chr5D-167509_TSD	1.574	-0.0074831750259094	0.0236393233288144
RLG_AinsBYU209_Ava_chr5D-167708_TSD	1.773	-0.0074218134027461	0.0244447927959343
RLG_AinsBYU209_Ava_chr5D-167771_TSD	1.371	-0.00496451374301658	0.0189057634626876
RLG_AinsBYU209_Ava_chr5D-169074_TSD	1.484	-0.00715673467986511	0.0240260959035432
RLG_AinsBYU209_Ava_chr5D-169288_TSD	1.817	-0.00501082915205319	0.0204917112981307
RLG_AinsBYU209_Ava_chr5D-169632_TSD	1.13	-0.00729576154251594	0.0243022131628472
RLG_AinsBYU209_Ava_chr5D-170118_TSD	2.196	-0.00444318021440983	0.0195117561933207
RLG_AinsBYU209_Ava_chr5D-171630_TSD	1.608	-0.00476274977408017	0.0193660839573668
RLG_AinsBYU209_Ava_chr5D-172608_TSD	1.252	-0.00526443251368852	0.0219181569476448
RLG_AinsBYU209_Ava_chr5D-179149_TSD	1.051	-0.00654736696755039	0.0235136249333922
RLG_AinsBYU209_Ava_chr5D-179984_TSD	0.67	-0.0081144526652287	0.0280411826507489
RLG_AinsBYU209_Ava_chr5D-180014_TSD	0.565	-0.0083272675522731	0.025936465539346
RLG_AinsBYU209_Ava_chr5D-181280_TSD	0.963	-0.00828924504172029	0.0255779090461886
RLG_AinsBYU209_Ava_chr5D-181366_TSD	0.479	-0.00831709975906644	0.027563732083229
RLG_AinsBYU209_Ava_chr5D-182651_TSD	0.788	-0.00817432707705045	0.0271556311709806
RLG_AinsBYU209_Ava_chr5D-183504_TSD	1.931	-0.00474991919362238	0.0208183015860381
RLG_AinsBYU209_Ava_chr5D-185428_TSD	0.792	-0.00821854508645026	0.0280992704419821
RLG_AinsBYU209_Ava_chr5D-185471_TSD	0.751	-0.0081179838554543	0.0275988158033708
RLG_AinsBYU209_Ava_chr5D-186049_TSD	1.032	-0.00768201705699222	0.0240753498100605
RLG_AinsBYU209_Ava_chr5D-190407_TSD	1.535	-0.00757796404052646	0.0245736608541116
RLG_AinsBYU209_Ava_chr5D-355671_TSD	0.72	-0.00828466795537024	0.0234460973502373
RLG_AinsBYU209_Ava_chr6D-073181_TSD	2.399	-0.00429432679366181	0.0191049628061524
RLG_AinsBYU209_Ava_chr6D-102620_TSD	1.007	-0.00803325498275797	0.026556041208954
RLG_AinsBYU209_Ava_chr6D-107054_TSD	0.774	-0.00786249144447791	0.0254058611910862
RLG_AinsBYU209_Ava_chr6D-145854_TSD	0.831	-0.00750990877965075	0.0247500344732592
RLG_AinsBYU209_Ava_chr6D-148890_TSD	0.603	-0.00816960146627508	0.0247816924987769
RLG_AinsBYU209_Ava_chr6D-148949_TSD	1.911	-0.00349541615372859	0.0190912326956641
RLG_AinsBYU209_Ava_chr6D-162709_TSD	1.213	-0.00733885452146091	0.0227932596234584
RLG_AinsBYU209_Ava_chr6D-167515_TSD	1.23	-0.00637615374049978	0.0218593857909726
RLG_AinsBYU209_Ava_chr6D-197643_TSD	1.442	-0.00735907932575223	0.0224421244839033
RLG_AinsBYU209_Ava_chr6D-208894_TSD	1.125	-0.00830451060850978	0.026700003748386
RLG_AinsBYU209_Ava_chr6D-216338_TSD	1.504	-0.00729256848693844	0.0240641202128272
RLG_AinsBYU209_Ava_chr6D-216987_TSD	0.847	-0.00831338587012623	0.0262976894143492
RLG_AinsBYU209_Ava_chr6D-217661_TSD	0.402	-0.00824165948612478	0.028323328150887
RLG_AinsBYU209_Ava_chr6D-217851_TSD	0.67	-0.00801408799414464	0.0254130545317549
RLG_AinsBYU209_Ava_chr6D-218118_TSD	0.588	-0.00817140573449581	0.0262910010189961
RLG_AinsBYU209_Ava_chr6D-218250_TSD	0.578	-0.00817188960763215	0.028534463188059
RLG_AinsBYU209_Ava_chr6D-218457_TSD	0.477	-0.00834465784378804	0.0264468302331016
RLG_AinsBYU209_Ava_chr6D-218494_TSD	1.279	-0.00803687605662441	0.0270859578260524
RLG_AinsBYU209_Ava_chr6D-218577_TSD	0.866	-0.0079840239432668	0.0263400475933644
RLG_AinsBYU209_Ava_chr6D-218762_TSD	0.406	-0.00801339279496931	0.0268858873960846
RLG_AinsBYU209_Ava_chr6D-218874_TSD	0.559	-0.0078695679723868	0.0256840241619055
RLG_AinsBYU209_Ava_chr6D-218918_TSD	0.518	-0.00819765405031177	0.0269230700478531
RLG_AinsBYU209_Ava_chr6D-218990_TSD	0.283	-0.0080206555132301	0.0256828806346819
RLG_AinsBYU209_Ava_chr6D-219484_TSD	0.55	-0.00822414754382762	0.027473751910916
RLG_AinsBYU209_Ava_chr6D-219628_TSD	0.6	-0.00815022911943913	0.0266863532747258
RLG_AinsBYU209_Ava_chr6D-219706_TSD	0.624	-0.00843308679812742	0.0231086087462984
RLG_AinsBYU209_Ava_chr6D-219741_TSD	0.207	-0.00810544080680191	0.0267904912836644
RLG_AinsBYU209_Ava_chr6D-219812_TSD	0.678	-0.00844161197704802	0.0230631537243124
RLG_AinsBYU209_Ava_chr6D-219834_TSD	0.633	-0.00824214442372129	0.0261342238468347
RLG_AinsBYU209_Ava_chr6D-219849_TSD	0.526	-0.00825560945684592	0.0265235371104441
RLG_AinsBYU209_Ava_chr6D-219874_TSD	0.518	-0.00809394168016793	0.0268500415700387
RLG_AinsBYU209_Ava_chr6D-219967_TSD	0.51	-0.00811401638802468	0.0273433512943706
RLG_AinsBYU209_Ava_chr6D-219982_TSD	0.317	-0.00846820530328475	0.0236775093758291
RLG_AinsBYU209_Ava_chr6D-220039_TSD	0.357	-0.00795095168612421	0.0267979814956161
RLG_AinsBYU209_Ava_chr6D-220053_TSD	0.29	-0.00822125576567903	0.0247962652480989
RLG_AinsBYU209_Ava_chr6D-220777_TSD	0.539	-0.00816411368391701	0.0277298417661147
RLG_AinsBYU209_Ava_chr6D-220871_TSD	0.704	-0.00809792551202218	0.0272029104275774
RLG_AinsBYU209_Ava_chr6D-221071_TSD	0.885	-0.00799039328426395	0.0245942555562019
RLG_AinsBYU209_Ava_chr6D-221083_TSD	1.114	-0.00831267739189929	0.0271027619244922
RLG_AinsBYU209_Ava_chr6D-221391_TSD	0.812	-0.00823135953749453	0.0289862685048983
RLG_AinsBYU209_Ava_chr6D-221925_TSD	1.685	-0.00688909658855306	0.0241946067509908
RLG_AinsBYU209_Ava_chr6D-222733_TSD	1.34	-0.00776756075073333	0.0240776238180844
RLG_AinsBYU209_Ava_chr6D-222860_TSD	1.398	-0.00715060462383497	0.0234002673033984
RLG_AinsBYU209_Ava_chr6D-224090_TSD	0.784	-0.00808284783233373	0.025355728110249
RLG_AinsBYU209_Ava_chr6D-238412_TSD	1.349	-0.0069498524870037	0.0227686466728625
RLG_AinsBYU209_Ava_chr6D-243818_TSD	1.016	-0.00502486718799728	0.01998197041855
RLG_AinsBYU209_Ava_chr6D-247528_TSD	1.088	-0.00801562260368191	0.0260368933555484
RLG_AinsBYU209_Ava_chr6D-319480_TSD	0.628	-0.0079695010353915	0.027008482611121
RLG_AinsBYU209_Ava_chr6D-324236_TSD	0.606	-0.00472219601513535	0.0200938092876654
RLG_AinsBYU209_Ava_chr6D-353691_TSD	1.663	-0.00500680089085667	0.0211323788712163
RLG_AinsBYU209_Ava_chr7D-031957_TSD	1.167	-0.00493653721437249	0.0208856796437188
RLG_AinsBYU209_Ava_chr7D-066260_TSD	1.371	-0.00450379630226266	0.0212387544913343
RLG_AinsBYU209_Ava_chr7D-076565_TSD	1.243	-0.0042394744447984	0.020817072388685
RLG_AinsBYU209_Ava_chr7D-153661_TSD	1.514	-0.00439166243637839	0.0201335163162956
RLG_AinsBYU209_Ava_chr7D-193666_TSD	1.395	-0.00769404514579009	0.0239197435913838
RLG_AinsBYU209_Ava_chr7D-193774_TSD	1.49	-0.00764312525638994	0.0241634843340592
RLG_AinsBYU209_Ava_chr7D-211327_TSD	0.598	-0.00845050157952693	0.0239422584287716
RLG_AinsBYU209_Ava_chr7D-234296_TSD	1.563	-0.00713880167978043	0.024458048513372
RLG_AinsBYU209_Ava_chr7D-243432_TSD	0.89	-0.00746770067619526	0.0237849503526489
RLG_AinsBYU209_Ava_chr7D-246138_TSD	0.394	-0.00830350087373513	0.0262583511109461
RLG_AinsBYU209_Ava_chr7D-246203_TSD	0.521	-0.00816930450052318	0.0274188489299453
RLG_AinsBYU209_Ava_chr7D-247090_TSD	0.471	-0.00840594704013433	0.0260084838830308
RLG_AinsBYU209_Ava_chr7D-248650_TSD	0.776	-0.00813032025488642	0.0261473625445907
RLG_AinsBYU209_Ava_chr7D-249747_TSD	1.333	-0.00556926362005672	0.020959652617135
RLG_AinsBYU209_Ava_chr7D-250338_TSD	0.943	-0.00807145556334908	0.0274490358459337
RLG_AinsBYU209_Ava_chr7D-250390_TSD	1.504	-0.0072540989719219	0.0231374051382437
RLG_AinsBYU209_Ava_chr7D-250476_TSD	0.518	-0.00831720112745252	0.0274158126202716
RLG_AinsBYU209_Ava_chr7D-250728_TSD	0.882	-0.00825318974362188	0.0273699046655332
RLG_AinsBYU209_Ava_chr7D-251154_TSD	0.469	-0.00829415554168555	0.0269975977785295
RLG_AinsBYU209_Ava_chr7D-251242_TSD	0.429	-0.00833054044199486	0.0264693358059319
RLG_AinsBYU209_Ava_chr7D-251533_TSD	0.56	-0.00835610569836879	0.0285647704868633
RLG_AinsBYU209_Ava_chr7D-251722_TSD	0.802	-0.00815551383091967	0.0269789883766127
RLG_AinsBYU209_Ava_chr7D-251784_TSD	0.52	-0.00843653517471324	0.026857861042891
RLG_AinsBYU209_Ava_chr7D-251882_TSD	0.407	-0.00855953759095388	0.0259952207029867
RLG_AinsBYU209_Ava_chr7D-252033_TSD	0.558	-0.00830991861481362	0.0270238632095873
RLG_AinsBYU209_Ava_chr7D-252149_TSD	1.254	-0.00779655984312786	0.0267797556691347
RLG_AinsBYU209_Ava_chr7D-252181_TSD	0.357	-0.00811138307275949	0.0264345266895116
RLG_AinsBYU209_Ava_chr7D-252261_TSD	0.694	-0.00800887968645895	0.0262396975125337
RLG_AinsBYU209_Ava_chr7D-252374_TSD	0.625	-0.00838491348004753	0.027376178737865
RLG_AinsBYU209_Ava_chr7D-252461_TSD	0.837	-0.00818218285506177	0.0264699364776501
RLG_AinsBYU209_Ava_chr7D-252636_TSD	0.641	-0.00794325936243406	0.0254036668942582
RLG_AinsBYU209_Ava_chr7D-252780_TSD	0.357	-0.00844138705723562	0.0277479620015198
RLG_AinsBYU209_Ava_chr7D-252891_TSD	0.487	-0.00841244862933401	0.0265411907182768
RLG_AinsBYU209_Ava_chr7D-253271_TSD	0.478	-0.00823477908673623	0.0272775040233136
RLG_AinsBYU209_Ava_chr7D-253456_TSD	0.809	-0.00810485922783116	0.0258793343476457
RLG_AinsBYU209_Ava_chr7D-254945_TSD	0.329	-0.00817528213296789	0.0270950543220837
RLG_AinsBYU209_Ava_chr7D-255491_TSD	0.358	-0.00808462437023131	0.0274114436101903
RLG_AinsBYU209_Ava_chr7D-256774_TSD	0.97	-0.00810891824092985	0.0264241519687856
RLG_AinsBYU209_Ava_chr7D-258918_TSD	2.33	-0.0036638377739319	0.019032170256499
RLG_AinsBYU209_Ava_chr7D-262125_TSD	0.984	-0.0076891007847698	0.0249101683103294
RLG_AinsBYU209_Ava_chr7D-264506_TSD	1.27	-0.00809211962089496	0.0263599799316367
RLG_AinsBYU209_Ava_chr7D-269362_TSD	1.09	-0.00745404642788533	0.0232931866423482
RLG_AinsBYU209_Ava_chr7D-269641_TSD	0.589	-0.00744569293898327	0.0248454734308658
RLG_AinsBYU209_Ava_chr7D-276782_TSD	1.049	-0.00759767538696521	0.0239341186906527
RLG_AinsBYU209_Ava_chr7D-300141_TSD	1.316	-0.00548479679053239	0.0214408189788942
RLG_AinsBYU209_Ava_chr7D-307156_TSD	1.484	-0.00743120489519445	0.0250913048996013
RLG_AinsBYU209_Ava_chr7D-325571_TSD	0.523	-0.00824609456492723	0.0270849477048741
RLG_AinsBYU209_Ava_chr7D-329435_TSD	0.405	-0.00835134926479736	0.0256699464959759
RLG_AinsBYU209_Ava_chr7D-342443_TSD	0.81	-0.00831811259721502	0.0261102711608883
RLG_AinsBYU209_Ava_chr7D-396706_TSD	0.73	-0.00812632778199235	0.0263477936021148
RLG_AinsBYU209_Ava_chr7D-438178_TSD	0.626	-0.00799251212998284	0.026786331286308
RLG_AinsBYU209_Ava_chr7D-438664_TSD	1.479	-0.00516069144487122	0.0202606955109057
RLG_AinsBYU209_Ava_chr7D-448685_TSD	1.483	-0.00475912520918213	0.0203902165720501
RLG_AinsBYU209_Ava_chr7D-475946_TSD	0.199	-0.00823793549564549	0.0267942101749089
RLG_AlonCN58138Al_Ava_chr1A-003716_TSD	1.654	-0.00620716982881698	0.0206698310340123
RLG_AlonCN58138Al_Ava_chr1A-021121_TSD	0.789	-0.00726621921084164	0.0245330612975684
RLG_AlonCN58138Al_Ava_chr1A-175289_TSD	0.452	-0.00791075997973126	0.0250733754610144
RLG_AlonCN58138Al_Ava_chr1A-180825_TSD	1.54	-0.00714646458625326	0.0212216905647469
RLG_AlonCN58138Al_Ava_chr1A-189875_TSD	1.094	-0.00802901016464458	0.0274987247927879
RLG_AlonCN58138Al_Ava_chr1A-212190_TSD	2.038	-0.0036195874318522	0.0194730255745574
RLG_AlonCN58138Al_Ava_chr1A-229055_TSD	1.074	-0.00759271211319468	0.0256206957274712
RLG_AlonCN58138Al_Ava_chr1A-233197_TSD	1.396	-0.00522338528481851	0.0202051447043645
RLG_AlonCN58138Al_Ava_chr1A-233308_TSD	1.101	-0.00803727715616004	0.0254175869785193
RLG_AlonCN58138Al_Ava_chr1A-234174_TSD	1.103	-0.00780799056224267	0.0262175609600885
RLG_AlonCN58138Al_Ava_chr1A-234709_TSD	0.956	-0.00816151589236891	0.0270504118956974
RLG_AlonCN58138Al_Ava_chr1A-237685_TSD	1.028	-0.00815181911215992	0.0279901379577318
RLG_AlonCN58138Al_Ava_chr1A-241933_TSD	1.218	-0.00765147306992224	0.0264822995007248
RLG_AlonCN58138Al_Ava_chr1A-242209_TSD	1.321	-0.00785032375178692	0.0267967903253041
RLG_AlonCN58138Al_Ava_chr1A-242960_TSD	1.774	-0.00747689254050518	0.0236282577705613
RLG_AlonCN58138Al_Ava_chr1A-242977_TSD	1.569	-0.00732545829714165	0.0226970296744394
RLG_AlonCN58138Al_Ava_chr1A-244933_TSD	1.525	-0.00625039197362495	0.0200836671859523
RLG_AlonCN58138Al_Ava_chr1A-246116_TSD	1.596	-0.00760183246546053	0.0246188065817719
RLG_AlonCN58138Al_Ava_chr1A-246277_TSD	1.478	-0.00694806557332825	0.023095382373719
RLG_AlonCN58138Al_Ava_chr1A-253001_TSD	1.571	-0.0044186129836456	0.0202508622023579
RLG_AlonCN58138Al_Ava_chr1A-302386_TSD	1.459	-0.00790699672366464	0.0249298618206411
RLG_AlonCN58138Al_Ava_chr1A-372379_TSD	1.194	-0.00746137616136644	0.0240333193200199
RLG_AlonCN58138Al_Ava_chr1A-434316_TSD	1.254	-0.00719129541487732	0.024351285298877
RLG_AlonCN58138Al_Ava_chr1A-447127_TSD	0.683	-0.00801918075914242	0.0246453484762997
RLG_AlonCN58138Al_Ava_chr2A-179917_TSD	1.165	-0.00800138987504371	0.0264162185178919
RLG_AlonCN58138Al_Ava_chr2A-191465_TSD	1.832	-0.00462974530996754	0.0204665157684516
RLG_AlonCN58138Al_Ava_chr2A-207430_TSD	1.233	-0.0078027219204062	0.0246021349475151
RLG_AlonCN58138Al_Ava_chr2A-295440_TSD	1.782	-0.00717026575903349	0.022031201836703
RLG_AlonCN58138Al_Ava_chr2A-299815_TSD	0.51	-0.00794354391583444	0.0248380620562348
RLG_AlonCN58138Al_Ava_chr2A-300411_TSD	0.669	-0.007517891179144	0.0245504888305296
RLG_AlonCN58138Al_Ava_chr2A-457091_TSD	1.131	-0.00766333892544261	0.0251370542801603
RLG_AlonCN58138Al_Ava_chr2A-530130_TSD	0.856	-0.00814898364385182	0.0255691302822838
RLG_AlonCN58138Al_Ava_chr2A-554533_TSD	0.748	-0.00802243900565395	0.02701440879453
RLG_AlonCN58138Al_Ava_chr3A-000918_TSD	1.316	-0.00734173748696536	0.0239507393231813
RLG_AlonCN58138Al_Ava_chr3A-129961_TSD	0.889	-0.00734970082885467	0.0262666972601498
RLG_AlonCN58138Al_Ava_chr3A-132636_TSD	1.537	-0.00442297938921545	0.0208200904755149
RLG_AlonCN58138Al_Ava_chr3A-259854_TSD	1.26	-0.00714096312337325	0.0227383436517602
RLG_AlonCN58138Al_Ava_chr3A-260554_TSD	0.843	-0.00748769992455502	0.0249558867833613
RLG_AlonCN58138Al_Ava_chr3A-262152_TSD	1.11	-0.00813065730903398	0.0235123484958103
RLG_AlonCN58138Al_Ava_chr3A-269974_TSD	0.809	-0.00798384981925354	0.026459735934576
RLG_AlonCN58138Al_Ava_chr3A-297662_TSD	1.47	-0.00755147943054021	0.023304254876756
RLG_AlonCN58138Al_Ava_chr3A-402028_TSD	0.745	-0.00810649260923851	0.0267879390727148
RLG_AlonCN58138Al_Ava_chr3A-413411_TSD	1.819	-0.00485517032416957	0.0206692760910542
RLG_AlonCN58138Al_Ava_chr3A-442307_TSD	0.87	-0.00715991684410506	0.023493373530822
RLG_AlonCN58138Al_Ava_chr4A-009042_TSD	0.972	-0.00813747148882803	0.0252173837346601
RLG_AlonCN58138Al_Ava_chr4A-133361_TSD	1.569	-0.00732489125810196	0.0242654772333927
RLG_AlonCN58138Al_Ava_chr4A-137072_TSD	1.962	-0.00708922411518503	0.0227933448589173
RLG_AlonCN58138Al_Ava_chr4A-145482_TSD	0.998	-0.00814222779748932	0.0278229183603273
RLG_AlonCN58138Al_Ava_chr4A-147473_TSD	1.858	-0.00638486260593485	0.0229771896994635
RLG_AlonCN58138Al_Ava_chr4A-147869_TSD	1.68	-0.00720715334960629	0.023425315375872
RLG_AlonCN58138Al_Ava_chr4A-152541_TSD	1.682	-0.00637683396787721	0.0215807055941925
RLG_AlonCN58138Al_Ava_chr4A-158780_TSD	1.138	-0.00767068391899449	0.0269687695745305
RLG_AlonCN58138Al_Ava_chr4A-159929_TSD	0.63	-0.0081700613056998	0.0273848679120191
RLG_AlonCN58138Al_Ava_chr4A-161294_TSD	0.891	-0.00782899058274259	0.0275213187529106
RLG_AlonCN58138Al_Ava_chr4A-162063_TSD	1.678	-0.00733281500170721	0.0226287323452478
RLG_AlonCN58138Al_Ava_chr4A-163309_TSD	1.14	-0.00756356323412723	0.0234215151200446
RLG_AlonCN58138Al_Ava_chr4A-163580_TSD	1.821	-0.00748498789403681	0.0247921751372244
RLG_AlonCN58138Al_Ava_chr4A-164647_TSD	1.14	-0.00752526273562552	0.0263688796859365
RLG_AlonCN58138Al_Ava_chr4A-165958_TSD	0.796	-0.00806139496089163	0.0271122104615585
RLG_AlonCN58138Al_Ava_chr4A-166072_TSD	0.891	-0.00789403566310391	0.0272019410506294
RLG_AlonCN58138Al_Ava_chr4A-171790_TSD	1.287	-0.00744573934933433	0.0243998243712035
RLG_AlonCN58138Al_Ava_chr4A-222595_TSD	0.871	-0.00795311282155088	0.0269189190942012
RLG_AlonCN58138Al_Ava_chr4A-291122_TSD	0.727	-0.00808831437244528	0.0276026860731184
RLG_AlonCN58138Al_Ava_chr4A-294862_TSD	1.072	-0.00789983970461442	0.0250698610422114
RLG_AlonCN58138Al_Ava_chr4A-415194_TSD	1.536	-0.00720213158883226	0.023982961305391
RLG_AlonCN58138Al_Ava_chr4A-415744_TSD	1.605	-0.0046248004110764	0.0200674454935762
RLG_AlonCN58138Al_Ava_chr5A-117881_TSD	1.334	-0.00700053687772493	0.0240254395686326
RLG_AlonCN58138Al_Ava_chr5A-118502_TSD	1.439	-0.00603251302266805	0.0211810053752654
RLG_AlonCN58138Al_Ava_chr5A-129818_TSD	0.723	-0.00809873207964775	0.0273837495738693
RLG_AlonCN58138Al_Ava_chr5A-281354_TSD	0.929	-0.00773002328013915	0.024005969594591
RLG_AlonCN58138Al_Ava_chr5A-283677_TSD	1.21	-0.00820835108708658	0.026312821994321
RLG_AlonCN58138Al_Ava_chr5A-285512_TSD	1.603	-0.00746341744698954	0.0241981070897261
RLG_AlonCN58138Al_Ava_chr5A-286578_TSD	1.153	-0.00686988702228029	0.0236626428712006
RLG_AlonCN58138Al_Ava_chr5A-287310_TSD	1.213	-0.00719151560871265	0.0241078631927468
RLG_AlonCN58138Al_Ava_chr5A-289425_TSD	0.953	-0.00785049322916643	0.026029660878533
RLG_AlonCN58138Al_Ava_chr5A-289564_TSD	1.322	-0.00475943968335933	0.0210744102837854
RLG_AlonCN58138Al_Ava_chr5A-292061_TSD	1.94	-0.00471432956307524	0.0197655480271671
RLG_AlonCN58138Al_Ava_chr5A-297380_TSD	1.549	-0.0078645571341576	0.0241030926766263
RLG_AlonCN58138Al_Ava_chr5A-297408_TSD	1.312	-0.00496929728000197	0.0205981861965642
RLG_AlonCN58138Al_Ava_chr5A-301304_TSD	1.36	-0.00766947680306289	0.0243749949679447
RLG_AlonCN58138Al_Ava_chr5A-305294_TSD	1.49	-0.00735538011309884	0.0244477776067026
RLG_AlonCN58138Al_Ava_chr5A-309077_TSD	1.938	-0.0066090416177216	0.0234536785654147
RLG_AlonCN58138Al_Ava_chr5A-328111_TSD	2.022	-0.007274823132904	0.0240045235282424
RLG_AlonCN58138Al_Ava_chr5A-352303_TSD	1.405	-0.00774144135418018	0.0261581292451571
RLG_AlonCN58138Al_Ava_chr5A-560428_TSD	0.774	-0.00823454868355174	0.0278589262029056
RLG_AlonCN58138Al_Ava_chr6A-038000_TSD	0.616	-0.0077127337395352	0.0274073545336425
RLG_AlonCN58138Al_Ava_chr6A-054457_TSD	0.887	-0.0075984142602808	0.0250096064875652
RLG_AlonCN58138Al_Ava_chr6A-095068_TSD	0.773	-0.0078594907936761	0.0278878669824449
RLG_AlonCN58138Al_Ava_chr6A-192968_TSD	1.991	-0.00494105182521019	0.0204973165569774
RLG_AlonCN58138Al_Ava_chr6A-198088_TSD	1.211	-0.00636252855388212	0.0229186809198712
RLG_AlonCN58138Al_Ava_chr6A-199456_TSD	1.475	-0.00753337728748329	0.0227593165848523
RLG_AlonCN58138Al_Ava_chr6A-200377_TSD	1.341	-0.00688975474395102	0.0231518727799524
RLG_AlonCN58138Al_Ava_chr6A-203202_TSD	0.728	-0.00816460678883103	0.025635222883291
RLG_AlonCN58138Al_Ava_chr6A-203972_TSD	0.848	-0.00803204928759024	0.0248037858972369
RLG_AlonCN58138Al_Ava_chr6A-206638_TSD	0.468	-0.00820333034083257	0.0277925447994157
RLG_AlonCN58138Al_Ava_chr6A-206957_TSD	0.87	-0.00813467536120369	0.0255220854819313
RLG_AlonCN58138Al_Ava_chr6A-208863_TSD	1.474	-0.00711391440469263	0.0236329023125306
RLG_AlonCN58138Al_Ava_chr6A-221994_TSD	1.676	-0.00711928485586911	0.0232978575676495
RLG_AlonCN58138Al_Ava_chr6A-228167_TSD	1.74	-0.00526523331546932	0.0200766545853675
RLG_AlonCN58138Al_Ava_chr6A-370361_TSD	1.391	-0.00752284147009901	0.0245086900460565
RLG_AlonCN58138Al_Ava_chr6A-405998_TSD	1.385	-0.00738140633205653	0.0227791965186246
RLG_AlonCN58138Al_Ava_chr7A-028939_TSD	0.925	-0.00727226194109387	0.0243012714802755
RLG_AlonCN58138Al_Ava_chr7A-081664_TSD	0.562	-0.00811654336598695	0.0272442233819249
RLG_AlonCN58138Al_Ava_chr7A-168505_TSD	1.191	-0.00799772805804946	0.0256055067954496
RLG_AlonCN58138Al_Ava_chr7A-314957_TSD	1.375	-0.00528570672218111	0.0207578424948756
RLG_AlonCN58138Al_Ava_chr7A-316422_TSD	1.494	-0.00780889236613559	0.0248721570697967
RLG_AlonCN58138Al_Ava_chr7A-318275_TSD	1.158	-0.00726073048416815	0.0236903196724523
RLG_AlonCN58138Al_Ava_chr7A-318405_TSD	1.038	-0.00798126125480115	0.0254467394141561
RLG_AlonCN58138Al_Ava_chr7A-322109_TSD	1.941	-0.00729782798908061	0.0244417369844734
RLG_AlonCN58138Al_Ava_chr7A-370741_TSD	1.687	-0.00546032088125325	0.0211707412232746
RLG_AlonCN58138Al_Ava_chr7A-497526_TSD	0.872	-0.00815051895916673	0.0241062937714479
RLG_AsatOT3098_Ava_chr1A-034928_TSD	1.56	-0.00761441542198476	0.0249083435497694
RLG_AsatOT3098_Ava_chr1A-034936_TSD	1.642	-0.00759195020712038	0.0251144006495385
RLG_AsatOT3098_Ava_chr1A-099686_TSD	1.26	-0.0073738933420544	0.0219871145730306
RLG_AsatOT3098_Ava_chr1A-108421_TSD	1.083	-0.00829675070433005	0.0272796866790633
RLG_AsatOT3098_Ava_chr1A-137076_TSD	1.074	-0.00738565189753611	0.0243191760745514
RLG_AsatOT3098_Ava_chr1A-140565_TSD	0.78	-0.00774006812970869	0.0261379305882365
RLG_AsatOT3098_Ava_chr1A-141930_TSD	0.93	-0.00772324182728202	0.0259908380543166
RLG_AsatOT3098_Ava_chr1A-147205_TSD	1.219	-0.0073557358300648	0.0225981026635576
RLG_AsatOT3098_Ava_chr1A-152217_TSD	1.327	-0.0053848127429568	0.0203446817851526
RLG_AsatOT3098_Ava_chr1A-153192_TSD	0.647	-0.00786770644340535	0.0264453610495769
RLG_AsatOT3098_Ava_chr1A-153794_TSD	0.482	-0.00804409142960518	0.0217949786677191
RLG_AsatOT3098_Ava_chr1A-153885_TSD	0.542	-0.00805298305597062	0.022003461486316
RLG_AsatOT3098_Ava_chr1A-156326_TSD	0.436	-0.00793001551176306	0.0220771923819742
RLG_AsatOT3098_Ava_chr1A-156421_TSD	0.358	-0.00795805810906709	0.0217729468795423
RLG_AsatOT3098_Ava_chr1A-157517_TSD	0.642	-0.00790705168354477	0.0225443652794299
RLG_AsatOT3098_Ava_chr1A-157540_TSD	1.262	-0.00743281282731174	0.0239492859119787
RLG_AsatOT3098_Ava_chr1A-157619_TSD	1.101	-0.00756587914585415	0.0242440840641042
RLG_AsatOT3098_Ava_chr1A-157822_TSD	0.351	-0.00787344815928648	0.022904389342193
RLG_AsatOT3098_Ava_chr1A-159448_TSD	1.133	-0.00659317524686328	0.0207848237601742
RLG_AsatOT3098_Ava_chr1A-159886_TSD	1.278	-0.00614282767103626	0.0199346987799302
RLG_AsatOT3098_Ava_chr1A-160630_TSD	1.39	-0.00766973343790064	0.0242157896089239
RLG_AsatOT3098_Ava_chr1A-162797_TSD	1.831	-0.00624623572136415	0.0212902028160012
RLG_AsatOT3098_Ava_chr1A-163809_TSD	0.563	-0.00749238864358588	0.0233436904279606
RLG_AsatOT3098_Ava_chr1A-164898_TSD	0.389	-0.00820551779588544	0.0225003874698042
RLG_AsatOT3098_Ava_chr1A-210686_TSD	0.909	-0.00809663995468906	0.0257986284208646
RLG_AsatOT3098_Ava_chr1A-391391_TSD	0.432	-0.00836492228809908	0.0270537682513001
RLG_AsatOT3098_Ava_chr1C-003907_TSD	1.4	-0.00711025377471987	0.0242228823232539
RLG_AsatOT3098_Ava_chr1C-019435_TSD	0.745	-0.0080999417132118	0.0261467368084314
RLG_AsatOT3098_Ava_chr1D-078306_TSD	1.147	-0.00724134545551815	0.023148608369666
RLG_AsatOT3098_Ava_chr1D-107171_TSD	1.529	-0.007185703211178	0.0227879097677711
RLG_AsatOT3098_Ava_chr1D-128971_TSD	1.277	-0.00793556019765954	0.0265864090857526
RLG_AsatOT3098_Ava_chr1D-133647_TSD	0.665	-0.00821569587731277	0.0265210417308241
RLG_AsatOT3098_Ava_chr1D-140275_TSD	1.622	-0.0075154734332087	0.0227915483876073
RLG_AsatOT3098_Ava_chr1D-142848_TSD	1.941	-0.00706328314797199	0.0221474704282166
RLG_AsatOT3098_Ava_chr1D-144003_TSD	0.777	-0.00755120519792692	0.0235774102886411
RLG_AsatOT3098_Ava_chr1D-144266_TSD	0.546	-0.00813652177382711	0.0279951086772104
RLG_AsatOT3098_Ava_chr1D-145083_TSD	1.545	-0.00736315007172089	0.0232913404423009
RLG_AsatOT3098_Ava_chr1D-145143_TSD	0.547	-0.00827886933879114	0.0268176310064225
RLG_AsatOT3098_Ava_chr1D-145166_TSD	1.264	-0.00734626674803836	0.0230289939974393
RLG_AsatOT3098_Ava_chr1D-145758_TSD	0.558	-0.00840139956808109	0.0279174675118211
RLG_AsatOT3098_Ava_chr1D-145771_TSD	0.801	-0.00829576636469475	0.0270550106136595
RLG_AsatOT3098_Ava_chr1D-145789_TSD	0.793	-0.008251252138534	0.0250131208800994
RLG_AsatOT3098_Ava_chr1D-145979_TSD	1.48	-0.00829159350134332	0.0259540541792298
RLG_AsatOT3098_Ava_chr1D-146091_TSD	0.806	-0.00815161323117174	0.0286626986116814
RLG_AsatOT3098_Ava_chr1D-146776_TSD	1.467	-0.00831351449350325	0.0277434083422593
RLG_AsatOT3098_Ava_chr1D-147357_TSD	0.631	-0.00814075984706143	0.0272439618800408
RLG_AsatOT3098_Ava_chr1D-147552_TSD	0.586	-0.00837808905265119	0.0275655615154831
RLG_AsatOT3098_Ava_chr1D-147990_TSD	0.717	-0.00802863087418793	0.0269488308783336
RLG_AsatOT3098_Ava_chr1D-148033_TSD	0.72	-0.00814180581601568	0.0271868554999416
RLG_AsatOT3098_Ava_chr1D-148175_TSD	1.752	-0.00807889008674917	0.0266718328800871
RLG_AsatOT3098_Ava_chr1D-148494_TSD	0.709	-0.0081980690950312	0.0281164174036015
RLG_AsatOT3098_Ava_chr1D-148615_TSD	0.626	-0.00809568130142254	0.0257757334132981
RLG_AsatOT3098_Ava_chr1D-148764_TSD	0.803	-0.00819935722964998	0.0266710677167721
RLG_AsatOT3098_Ava_chr1D-149958_TSD	1.939	-0.00715167136798518	0.0223549279104105
RLG_AsatOT3098_Ava_chr1D-150423_TSD	1.864	-0.006119365817699	0.0216098627957545
RLG_AsatOT3098_Ava_chr1D-151869_TSD	1.648	-0.00740219495286248	0.0243603862095788
RLG_AsatOT3098_Ava_chr1D-171002_TSD	0.75	-0.00751062955256881	0.0241928468985784
RLG_AsatOT3098_Ava_chr1D-171968_TSD	2.169	-0.00430785955088336	0.0204530282359465
RLG_AsatOT3098_Ava_chr1D-310324_TSD	0.468	-0.00798585801429103	0.0271733290061716
RLG_AsatOT3098_Ava_chr1D-343467_TSD	0.816	-0.00717141871667351	0.0234490202303882
RLG_AsatOT3098_Ava_chr1D-367650_TSD	1.403	-0.00661753058186902	0.023494135057618
RLG_AsatOT3098_Ava_chr1D-372932_TSD	0.593	-0.00812561025537402	0.0267867148049635
RLG_AsatOT3098_Ava_chr1D-419209_TSD	0.694	-0.00825364242430168	0.0270653374994411
RLG_AsatOT3098_Ava_chr1D-457907_TSD	0.807	-0.00782732423458924	0.0272397652198326
RLG_AsatOT3098_Ava_chr1D-459684_TSD	0.6	-0.00824489775956489	0.0275034811716941
RLG_AsatOT3098_Ava_chr2A-129419_TSD	1.46	-0.00716777272978646	0.0224069618923976
RLG_AsatOT3098_Ava_chr2A-133027_TSD	1.44	-0.0074400752947902	0.0244039142912934
RLG_AsatOT3098_Ava_chr2A-152718_TSD	1.295	-0.00663074407646718	0.0199138664714498
RLG_AsatOT3098_Ava_chr2A-152760_TSD	1.682	-0.00676147217101959	0.0214543139701085
RLG_AsatOT3098_Ava_chr2A-155922_TSD	0.536	-0.00789234710053207	0.0261957501545737
RLG_AsatOT3098_Ava_chr2A-159662_TSD	0.624	-0.00817105911978013	0.02019187845805
RLG_AsatOT3098_Ava_chr2A-160350_TSD	0.852	-0.00727067117533124	0.0224172705913962
RLG_AsatOT3098_Ava_chr2A-162915_TSD	0.513	-0.00624410356265999	0.0217254567593306
RLG_AsatOT3098_Ava_chr2A-164962_TSD	0.791	-0.00784556714608379	0.0260567391906443
RLG_AsatOT3098_Ava_chr2A-280541_TSD	0.591	-0.00791908887390089	0.0272202079451357
RLG_AsatOT3098_Ava_chr2A-293050_TSD	0.951	-0.00733217076555334	0.0240289016743521
RLG_AsatOT3098_Ava_chr2A-331911_TSD	1.179	-0.00774436864182091	0.0239014249415247
RLG_AsatOT3098_Ava_chr2D-110739_TSD	0.813	-0.00786692347071085	0.0250873980189967
RLG_AsatOT3098_Ava_chr2D-124669_TSD	0.645	-0.00828851096211645	0.0265845905192091
RLG_AsatOT3098_Ava_chr2D-127485_TSD	0.785	-0.00807847903812397	0.0271489057292763
RLG_AsatOT3098_Ava_chr2D-146034_TSD	1.401	-0.00358678757043868	0.0191249108144089
RLG_AsatOT3098_Ava_chr2D-312614_TSD	0.995	-0.00780881368817471	0.0252724280606182
RLG_AsatOT3098_Ava_chr2D-316387_TSD	0.801	-0.00830041627197967	0.0269832030333946
RLG_AsatOT3098_Ava_chr2D-317774_TSD	1.192	-0.00758046825830729	0.0265833038592146
RLG_AsatOT3098_Ava_chr2D-342077_TSD	0.967	-0.00811842112457026	0.0280000639073894
RLG_AsatOT3098_Ava_chr2D-353273_TSD	0.831	-0.00824080017516138	0.0218806633928553
RLG_AsatOT3098_Ava_chr2D-362953_TSD	2.215	-0.00467010677730145	0.0200598478600533
RLG_AsatOT3098_Ava_chr2D-365653_TSD	1.513	-0.00734162792691395	0.023326802909544
RLG_AsatOT3098_Ava_chr2D-365970_TSD	1.894	-0.00491550461899683	0.0209820048737778
RLG_AsatOT3098_Ava_chr2D-366201_TSD	1.245	-0.00762995310202497	0.0232374454244456
RLG_AsatOT3098_Ava_chr2D-366289_TSD	1.235	-0.00629275645844563	0.0196422877671353
RLG_AsatOT3098_Ava_chr2D-366952_TSD	0.838	-0.0074765824162311	0.0239235965236336
RLG_AsatOT3098_Ava_chr2D-367226_TSD	0.745	-0.00796788332823357	0.0270830641355526
RLG_AsatOT3098_Ava_chr2D-367282_TSD	1.029	-0.00828058718198338	0.0281056225475441
RLG_AsatOT3098_Ava_chr2D-367527_TSD	1.617	-0.00721596925470129	0.0234107941453353
RLG_AsatOT3098_Ava_chr2D-368047_TSD	0.754	-0.00758115393788571	0.0258826671716297
RLG_AsatOT3098_Ava_chr2D-368517_TSD	0.826	-0.00838077423911004	0.026135510596392
RLG_AsatOT3098_Ava_chr2D-368592_TSD	0.48	-0.00845235574709247	0.0269823609330176
RLG_AsatOT3098_Ava_chr2D-368675_TSD	0.843	-0.00826475415839621	0.0272516721390592
RLG_AsatOT3098_Ava_chr2D-368770_TSD	0.629	-0.00819286339478615	0.0259899344077623
RLG_AsatOT3098_Ava_chr2D-369089_TSD	0.461	-0.00811524010519261	0.0268069154718061
RLG_AsatOT3098_Ava_chr2D-369161_TSD	0.487	-0.0084105884096501	0.0231210372755858
RLG_AsatOT3098_Ava_chr2D-369183_TSD	0.649	-0.00819827300800116	0.0260649326809166
RLG_AsatOT3098_Ava_chr2D-369198_TSD	0.753	-0.0082945607256773	0.0264080663259145
RLG_AsatOT3098_Ava_chr2D-369223_TSD	0.601	-0.00797239474754447	0.02722971598377
RLG_AsatOT3098_Ava_chr2D-369344_TSD	0.554	-0.00821508649780702	0.0262224281847112
RLG_AsatOT3098_Ava_chr2D-369354_TSD	0.72	-0.00806155709032994	0.0249925526184102
RLG_AsatOT3098_Ava_chr2D-369397_TSD	0.399	-0.0083692334482167	0.0255036802067092
RLG_AsatOT3098_Ava_chr2D-369532_TSD	0.786	-0.00804832625488751	0.0261469393742411
RLG_AsatOT3098_Ava_chr2D-369617_TSD	0.557	-0.00813756074307161	0.027817606229806
RLG_AsatOT3098_Ava_chr2D-369625_TSD	1.251	-0.00818796739345516	0.0272105248909556
RLG_AsatOT3098_Ava_chr2D-369758_TSD	0.629	-0.0079934610071659	0.0256682933585724
RLG_AsatOT3098_Ava_chr2D-369845_TSD	0.439	-0.00811000115127494	0.0261734939960553
RLG_AsatOT3098_Ava_chr2D-369970_TSD	0.71	-0.00818682538396775	0.0277370635630758
RLG_AsatOT3098_Ava_chr2D-370023_TSD	0.824	-0.00807549814038455	0.0248258443962136
RLG_AsatOT3098_Ava_chr2D-370048_TSD	0.748	-0.00798214447860163	0.0269659127232641
RLG_AsatOT3098_Ava_chr2D-370451_TSD	0.64	-0.00823147314342847	0.0253584910156354
RLG_AsatOT3098_Ava_chr2D-370497_TSD	0.759	-0.00824224565697612	0.0272202853556231
RLG_AsatOT3098_Ava_chr2D-370617_TSD	0.468	-0.00845713555153265	0.0256181679088845
RLG_AsatOT3098_Ava_chr2D-370686_TSD	1.054	-0.00847184639266568	0.0228933099825413
RLG_AsatOT3098_Ava_chr2D-370788_TSD	0.89	-0.00833898131938936	0.0261055481059971
RLG_AsatOT3098_Ava_chr2D-370863_TSD	0.647	-0.00808174162203267	0.0267149859731241
RLG_AsatOT3098_Ava_chr2D-370976_TSD	0.282	-0.00822508013698939	0.024471092967437
RLG_AsatOT3098_Ava_chr2D-371127_TSD	0.477	-0.00835146128440144	0.0273553108429556
RLG_AsatOT3098_Ava_chr2D-371141_TSD	0.391	-0.00818390394060657	0.028290242761428
RLG_AsatOT3098_Ava_chr2D-371213_TSD	0.679	-0.00847706922119529	0.0257424660518215
RLG_AsatOT3098_Ava_chr2D-371378_TSD	0.617	-0.0072121274768274	0.0263024280023669
RLG_AsatOT3098_Ava_chr2D-371456_TSD	0.752	-0.00725877043396679	0.0232376115731517
RLG_AsatOT3098_Ava_chr2D-371804_TSD	0.523	-0.00822829440401621	0.0261971723711148
RLG_AsatOT3098_Ava_chr2D-372313_TSD	1.31	-0.00812493843257094	0.0256784793607776
RLG_AsatOT3098_Ava_chr2D-372340_TSD	0.712	-0.00806777085715626	0.0244679459894995
RLG_AsatOT3098_Ava_chr2D-373006_TSD	1.15	-0.00733448667174403	0.023082409176961
RLG_AsatOT3098_Ava_chr2D-374389_TSD	0.847	-0.00813463409083791	0.027096870598473
RLG_AsatOT3098_Ava_chr2D-375588_TSD	0.883	-0.00798180726684338	0.0271597638866632
RLG_AsatOT3098_Ava_chr2D-376761_TSD	1.28	-0.00618026603669063	0.0216957350731786
RLG_AsatOT3098_Ava_chr2D-380820_TSD	0.306	-0.00814836166859914	0.0270166079489878
RLG_AsatOT3098_Ava_chr2D-382544_TSD	0.965	-0.00803214913448209	0.0249734815020939
RLG_AsatOT3098_Ava_chr2D-410911_TSD	0.747	-0.00758802682503541	0.0258226479635285
RLG_AsatOT3098_Ava_chr2D-501682_TSD	0.561	-0.00815888513303755	0.0264713106845688
RLG_AsatOT3098_Ava_chr3A-034019_TSD	1.486	-0.00523193812172866	0.0212940403342284
RLG_AsatOT3098_Ava_chr3A-088609_TSD	1.917	-0.00722722575629955	0.0239226702484415
RLG_AsatOT3098_Ava_chr3A-110316_TSD	0.769	-0.00831077973088434	0.0266943690626592
RLG_AsatOT3098_Ava_chr3A-112726_TSD	1.309	-0.00519669285934586	0.0208766870232912
RLG_AsatOT3098_Ava_chr3A-112850_TSD	0.516	-0.00761719051270582	0.0234889405218013
RLG_AsatOT3098_Ava_chr3A-204634_TSD	1.809	-0.00756212942315996	0.0238839927315257
RLG_AsatOT3098_Ava_chr3A-232739_TSD	1.25	-0.00729741786004313	0.0238136353032818
RLG_AsatOT3098_Ava_chr3A-232842_TSD	1.174	-0.00733857098677668	0.0241132252177659
RLG_AsatOT3098_Ava_chr3A-240607_TSD	0.791	-0.00797469881419196	0.0253830538991907
RLG_AsatOT3098_Ava_chr3A-240860_TSD	0.711	-0.0080409579329185	0.0262307287005351
RLG_AsatOT3098_Ava_chr3A-241239_TSD	0.491	-0.00805754745734094	0.0271755460620011
RLG_AsatOT3098_Ava_chr3A-243365_TSD	0.551	-0.00802956983955174	0.027122996233723
RLG_AsatOT3098_Ava_chr3A-259800_TSD	0.709	-0.00796908817851815	0.0257713614936861
RLG_AsatOT3098_Ava_chr3A-305441_TSD	1.129	-0.0075552628156432	0.0276862350178877
RLG_AsatOT3098_Ava_chr3A-320550_TSD	1.532	-0.00514076838261172	0.0211125463198214
RLG_AsatOT3098_Ava_chr3A-362633_TSD	1.207	-0.00767944829213963	0.0274885210251083
RLG_AsatOT3098_Ava_chr3D-040028_TSD	2.067	-0.00713554751141003	0.0238232179494534
RLG_AsatOT3098_Ava_chr3D-051780_TSD	0.523	-0.00790624860653182	0.0274813240883985
RLG_AsatOT3098_Ava_chr3D-066740_TSD	0.788	-0.00837135326452803	0.0259358067706318
RLG_AsatOT3098_Ava_chr3D-098820_TSD	1.325	-0.00766086005555114	0.0269602902315419
RLG_AsatOT3098_Ava_chr3D-164097_TSD	0.569	-0.00817297834341761	0.0272696851786284
RLG_AsatOT3098_Ava_chr3D-172900_TSD	1.626	-0.0072740478768147	0.0236055164102539
RLG_AsatOT3098_Ava_chr3D-199314_TSD	1.604	-0.00454818551211183	0.019639725801396
RLG_AsatOT3098_Ava_chr3D-200520_TSD	1.068	-0.00735469739147191	0.0237801838336124
RLG_AsatOT3098_Ava_chr3D-201564_TSD	1.645	-0.0072371260767852	0.0244236566061885
RLG_AsatOT3098_Ava_chr3D-202109_TSD	0.673	-0.00832953754726007	0.0249317396199097
RLG_AsatOT3098_Ava_chr3D-202491_TSD	0.706	-0.00814113798431708	0.0272359770657837
RLG_AsatOT3098_Ava_chr3D-202554_TSD	0.447	-0.0081950422785535	0.0266352013494417
RLG_AsatOT3098_Ava_chr3D-202583_TSD	0.871	-0.00737966677540764	0.0244813629676048
RLG_AsatOT3098_Ava_chr3D-202602_TSD	0.578	-0.00836248650879339	0.0260468360562874
RLG_AsatOT3098_Ava_chr3D-202922_TSD	0.466	-0.00810299501159676	0.0231267746541493
RLG_AsatOT3098_Ava_chr3D-202944_TSD	0.766	-0.00821105908693228	0.0271747711062862
RLG_AsatOT3098_Ava_chr3D-203054_TSD	0.428	-0.00794644858445898	0.0271639790680513
RLG_AsatOT3098_Ava_chr3D-203168_TSD	0.558	-0.00810494357362499	0.0260191454434296
RLG_AsatOT3098_Ava_chr3D-203278_TSD	0.428	-0.0083207311267673	0.0270396075988594
RLG_AsatOT3098_Ava_chr3D-203487_TSD	0.408	-0.00837556365389976	0.0260138131596793
RLG_AsatOT3098_Ava_chr3D-203505_TSD	0.578	-0.00794790632247133	0.0271533840812739
RLG_AsatOT3098_Ava_chr3D-203732_TSD	0.528	-0.00784260319703762	0.026685563175257
RLG_AsatOT3098_Ava_chr3D-203764_TSD	0.625	-0.0081881980671019	0.0264783442025612
RLG_AsatOT3098_Ava_chr3D-204203_TSD	1.466	-0.0082285675979623	0.0269834154364844
RLG_AsatOT3098_Ava_chr3D-204283_TSD	1.214	-0.00657580172523676	0.019398569166509
RLG_AsatOT3098_Ava_chr3D-204428_TSD	0.587	-0.00812636164296343	0.0265278529369408
RLG_AsatOT3098_Ava_chr3D-204666_TSD	0.356	-0.00818207653683931	0.0260868898690986
RLG_AsatOT3098_Ava_chr3D-204747_TSD	0.695	-0.00797801140666686	0.0282568197662151
RLG_AsatOT3098_Ava_chr3D-204838_TSD	0.237	-0.0079714232466814	0.0265689625175984
RLG_AsatOT3098_Ava_chr3D-205020_TSD	0.586	-0.00839486420861957	0.0272790656187111
RLG_AsatOT3098_Ava_chr3D-205072_TSD	0.67	-0.00805040197331534	0.0285109743356887
RLG_AsatOT3098_Ava_chr3D-205296_TSD	0.733	-0.00800897405822961	0.0283709030591397
RLG_AsatOT3098_Ava_chr3D-205349_TSD	0.388	-0.00829588623211059	0.0273200445804535
RLG_AsatOT3098_Ava_chr3D-205443_TSD	0.947	-0.00820827012825481	0.0257997214017138
RLG_AsatOT3098_Ava_chr3D-205462_TSD	0.493	-0.00792249603663137	0.0269302834240005
RLG_AsatOT3098_Ava_chr3D-205547_TSD	0.609	-0.00839608741868545	0.027330494994157
RLG_AsatOT3098_Ava_chr3D-205688_TSD	0.437	-0.00843572550355994	0.0276853833377237
RLG_AsatOT3098_Ava_chr3D-206337_TSD	0.358	-0.00826580311099538	0.0268359382124271
RLG_AsatOT3098_Ava_chr3D-206401_TSD	0.508	-0.00839101726115222	0.0274640471105058
RLG_AsatOT3098_Ava_chr3D-206422_TSD	0.357	-0.00834271152452535	0.0283093380477545
RLG_AsatOT3098_Ava_chr3D-206475_TSD	0.647	-0.00839836973824308	0.0266351614162233
RLG_AsatOT3098_Ava_chr3D-206523_TSD	0.729	-0.00844892099397428	0.0275474640170078
RLG_AsatOT3098_Ava_chr3D-206628_TSD	0.776	-0.00818410112704754	0.0284222430700882
RLG_AsatOT3098_Ava_chr3D-207016_TSD	0.752	-0.00791826073122502	0.0282474153347645
RLG_AsatOT3098_Ava_chr3D-207336_TSD	0.744	-0.00844422016521943	0.0253924769418941
RLG_AsatOT3098_Ava_chr3D-207360_TSD	0.744	-0.00838889094781439	0.0253163805497247
RLG_AsatOT3098_Ava_chr3D-207518_TSD	0.793	-0.00809483391417322	0.0277707889499317
RLG_AsatOT3098_Ava_chr3D-207624_TSD	0.548	-0.0083741940883228	0.027597359223005
RLG_AsatOT3098_Ava_chr3D-207768_TSD	0.922	-0.00833415174561366	0.0227950895284346
RLG_AsatOT3098_Ava_chr3D-207777_TSD	0.585	-0.00840552615740389	0.0277204042999357
RLG_AsatOT3098_Ava_chr3D-207791_TSD	0.678	-0.00830639763057569	0.0250244127720714
RLG_AsatOT3098_Ava_chr3D-207802_TSD	0.84	-0.00819117483423951	0.0260812703114279
RLG_AsatOT3098_Ava_chr3D-208564_TSD	0.678	-0.00853552082690333	0.0234495061220607
RLG_AsatOT3098_Ava_chr3D-211842_TSD	1.128	-0.00712640492360799	0.0232123070010552
RLG_AsatOT3098_Ava_chr3D-212210_TSD	0.389	-0.00820229250307266	0.02670389420949
RLG_AsatOT3098_Ava_chr3D-216771_TSD	1.533	-0.00751558225395741	0.0248038379571605
RLG_AsatOT3098_Ava_chr3D-319354_TSD	0.634	-0.00804855702518592	0.0266787164622778
RLG_AsatOT3098_Ava_chr3D-328759_TSD	1.517	-0.0052664121741784	0.0213238228507109
RLG_AsatOT3098_Ava_chr3D-375881_TSD	1.257	-0.0073839182810938	0.0235194047932376
RLG_AsatOT3098_Ava_chr3D-379542_TSD	1.243	-0.00390450082135289	0.0189920040712677
RLG_AsatOT3098_Ava_chr4A-091890_TSD	1.294	-0.00743000495956931	0.0236145428504777
RLG_AsatOT3098_Ava_chr4A-101868_TSD	1.011	-0.00804000893084206	0.02785003659465
RLG_AsatOT3098_Ava_chr4A-112011_TSD	1.737	-0.00654097447609834	0.0217154991287537
RLG_AsatOT3098_Ava_chr4A-116341_TSD	1.571	-0.0071641236593475	0.0224937650377088
RLG_AsatOT3098_Ava_chr4A-116829_TSD	1.375	-0.00706367782923461	0.0227425251655309
RLG_AsatOT3098_Ava_chr4A-116910_TSD	1.172	-0.00755527066149665	0.0237422227267581
RLG_AsatOT3098_Ava_chr4A-117028_TSD	1.323	-0.0071607383486079	0.0238921403215725
RLG_AsatOT3098_Ava_chr4A-117951_TSD	0.688	-0.00787578294348373	0.0271831930197843
RLG_AsatOT3098_Ava_chr4A-118235_TSD	1.14	-0.00763294752559326	0.0267203433477082
RLG_AsatOT3098_Ava_chr4A-118317_TSD	0.768	-0.00768007679771924	0.0251669464323477
RLG_AsatOT3098_Ava_chr4A-123455_TSD	1.036	-0.00760386072617357	0.0248782886494467
RLG_AsatOT3098_Ava_chr4A-123773_TSD	0.565	-0.00821491207152995	0.027414975411566
RLG_AsatOT3098_Ava_chr4A-126164_TSD	1.076	-0.00752138429523065	0.0255253062656521
RLG_AsatOT3098_Ava_chr4A-128138_TSD	1.372	-0.00499205681032999	0.0201094657260128
RLG_AsatOT3098_Ava_chr4A-129203_TSD	1.529	-0.00753257923624074	0.0249926234204213
RLG_AsatOT3098_Ava_chr4A-130274_TSD	1.913	-0.00610437910032033	0.0212911739762691
RLG_AsatOT3098_Ava_chr4A-130928_TSD	1.143	-0.00752827028826685	0.0267850378257401
RLG_AsatOT3098_Ava_chr4A-278325_TSD	1.576	-0.00391417572047546	0.0199013583121701
RLG_AsatOT3098_Ava_chr4A-344028_TSD	0.593	-0.00806973633273891	0.0259989546423833
RLG_AsatOT3098_Ava_chr4A-374419_TSD	0.75	-0.00784683970880969	0.0250892825825597
RLG_AsatOT3098_Ava_chr4A-409636_TSD	0.577	-0.00837709526501058	0.0271904174590817
RLG_AsatOT3098_Ava_chr4A-432026_TSD	0.384	-0.00814477750722004	0.0268356272442512
RLG_AsatOT3098_Ava_chr4C-018653_TSD	0.802	-0.00822487874859542	0.0274864977647638
RLG_AsatOT3098_Ava_chr4C-038069_TSD	1.046	-0.00747368346497083	0.0259834861723847
RLG_AsatOT3098_Ava_chr4D-089298_TSD	0.501	-0.00816570122664985	0.0273808741809635
RLG_AsatOT3098_Ava_chr4D-099437_TSD	0.888	-0.00815382067145673	0.0269565244402176
RLG_AsatOT3098_Ava_chr4D-113853_TSD	1.36	-0.00700078167227539	0.0226361337857668
RLG_AsatOT3098_Ava_chr4D-114615_TSD	1.775	-0.00684049338237717	0.0225836381082517
RLG_AsatOT3098_Ava_chr4D-120901_TSD	1.345	-0.00812979020068644	0.0255296165867026
RLG_AsatOT3098_Ava_chr4D-142891_TSD	1.53	-0.00634516533425708	0.0216630322367168
RLG_AsatOT3098_Ava_chr4D-147457_TSD	1.318	-0.00709972007197303	0.0230651573122332
RLG_AsatOT3098_Ava_chr4D-147748_TSD	1.224	-0.00763987039773216	0.0245559655425569
RLG_AsatOT3098_Ava_chr4D-152241_TSD	0.603	-0.00758220857085404	0.0274104621439138
RLG_AsatOT3098_Ava_chr4D-154386_TSD	0.7	-0.00770912003856144	0.0258165335023967
RLG_AsatOT3098_Ava_chr4D-154678_TSD	1.061	-0.00753149136466823	0.0265478966453208
RLG_AsatOT3098_Ava_chr4D-154822_TSD	0.851	-0.00760510451347179	0.026761994273838
RLG_AsatOT3098_Ava_chr4D-155174_TSD	0.727	-0.00774170742505414	0.0259569496036867
RLG_AsatOT3098_Ava_chr4D-155702_TSD	0.31	-0.00780565040654852	0.0204893865393528
RLG_AsatOT3098_Ava_chr4D-156014_TSD	0.736	-0.00813227840155645	0.0271357121109064
RLG_AsatOT3098_Ava_chr4D-156047_TSD	1.037	-0.00779555974486336	0.0260597891199966
RLG_AsatOT3098_Ava_chr4D-156677_TSD	0.471	-0.00816653521681483	0.026167780594283
RLG_AsatOT3098_Ava_chr4D-156730_TSD	0.785	-0.00832679378551231	0.0272981276289346
RLG_AsatOT3098_Ava_chr4D-156739_TSD	0.866	-0.00770974644342067	0.0242668146501175
RLG_AsatOT3098_Ava_chr4D-156834_TSD	0.83	-0.00814787793149852	0.0234556589063296
RLG_AsatOT3098_Ava_chr4D-157092_TSD	0.389	-0.00765672333309441	0.0229138803291979
RLG_AsatOT3098_Ava_chr4D-157243_TSD	0.685	-0.00821312373029531	0.0274300180568727
RLG_AsatOT3098_Ava_chr4D-157261_TSD	0.392	-0.00781758904378084	0.0268280618311583
RLG_AsatOT3098_Ava_chr4D-157289_TSD	0.562	-0.00811937542405424	0.0265017593157768
RLG_AsatOT3098_Ava_chr4D-157438_TSD	0.581	-0.00769494680970771	0.0244106185337642
RLG_AsatOT3098_Ava_chr4D-157642_TSD	0.66	-0.00813972422448354	0.0226316486055035
RLG_AsatOT3098_Ava_chr4D-157674_TSD	0.319	-0.00782413004915178	0.0226302669172323
RLG_AsatOT3098_Ava_chr4D-157760_TSD	0.357	-0.00814135798905245	0.0228069305410093
RLG_AsatOT3098_Ava_chr4D-157795_TSD	0.397	-0.00813449287996153	0.022845434552104
RLG_AsatOT3098_Ava_chr4D-157852_TSD	0.317	-0.00822930761816837	0.0231097170606652
RLG_AsatOT3098_Ava_chr4D-158045_TSD	0.351	-0.00796429568050201	0.023001622460473
RLG_AsatOT3098_Ava_chr4D-158287_TSD	0.322	-0.00829851433408231	0.0278310457588337
RLG_AsatOT3098_Ava_chr4D-158920_TSD	1.097	-0.0075637452146092	0.0264576446032863
RLG_AsatOT3098_Ava_chr4D-159406_TSD	0.968	-0.00767850455979471	0.0253467944108319
RLG_AsatOT3098_Ava_chr4D-160200_TSD	1.829	-0.00481090956989972	0.0196233263417899
RLG_AsatOT3098_Ava_chr4D-160644_TSD	0.921	-0.00769064296294845	0.0254320330713
RLG_AsatOT3098_Ava_chr4D-162193_TSD	1.425	-0.00746537513196304	0.0244556181643519
RLG_AsatOT3098_Ava_chr4D-165396_TSD	0.71	-0.00762971533901192	0.0259422270044949
RLG_AsatOT3098_Ava_chr4D-167086_TSD	0.606	-0.00790338871494652	0.0241419199752756
RLG_AsatOT3098_Ava_chr4D-169470_TSD	0.832	-0.00772385167655453	0.0254963009700279
RLG_AsatOT3098_Ava_chr4D-174295_TSD	0.921	-0.00820052335969752	0.0223763139740359
RLG_AsatOT3098_Ava_chr4D-279917_TSD	0.673	-0.00849295996503984	0.0257516419589405
RLG_AsatOT3098_Ava_chr4D-324214_TSD	0.357	-0.00818882405631263	0.0267218050812346
RLG_AsatOT3098_Ava_chr4D-325304_TSD	1.241	-0.00678897699123883	0.0231516883455122
RLG_AsatOT3098_Ava_chr4D-365398_TSD	1.025	-0.00747785401506494	0.0222630492471811
RLG_AsatOT3098_Ava_chr4D-380398_TSD	1.533	-0.00753942992292615	0.0243641849025721
RLG_AsatOT3098_Ava_chr4D-391796_TSD	1.114	-0.00714111324904158	0.0238265565586977
RLG_AsatOT3098_Ava_chr4D-409177_TSD	0.526	-0.00844048940036508	0.0253782996560884
RLG_AsatOT3098_Ava_chr5A-062872_TSD	0.968	-0.00787201967607408	0.0243349139999813
RLG_AsatOT3098_Ava_chr5A-097613_TSD	1.935	-0.0041548379007251	0.0199116270604142
RLG_AsatOT3098_Ava_chr5A-137627_TSD	0.774	-0.00708964999158121	0.023420338712931
RLG_AsatOT3098_Ava_chr5A-206910_TSD	1.217	-0.00511204907030382	0.0216084057197758
RLG_AsatOT3098_Ava_chr5A-209221_TSD	0.927	-0.00780252729470356	0.0263711071670424
RLG_AsatOT3098_Ava_chr5A-211740_TSD	1.781	-0.00510547784573138	0.0203341558948469
RLG_AsatOT3098_Ava_chr5A-211884_TSD	1.41	-0.00758146501554251	0.024705121795821
RLG_AsatOT3098_Ava_chr5A-212898_TSD	1.608	-0.00756323066932743	0.0245171278755989
RLG_AsatOT3098_Ava_chr5A-213466_TSD	1.318	-0.00725686011907847	0.0232453351775134
RLG_AsatOT3098_Ava_chr5A-219145_TSD	0.793	-0.00778238127387514	0.025990717007974
RLG_AsatOT3098_Ava_chr5A-221835_TSD	0.751	-0.00789426691709945	0.0251514096801126
RLG_AsatOT3098_Ava_chr5A-221987_TSD	1.34	-0.00828550993301212	0.0249637930037424
RLG_AsatOT3098_Ava_chr5A-222044_TSD	0.829	-0.00782385850911698	0.0269099127820602
RLG_AsatOT3098_Ava_chr5A-222285_TSD	1.06	-0.00787453238954026	0.0246186946842045
RLG_AsatOT3098_Ava_chr5A-222568_TSD	1.104	-0.00817071827130858	0.0257266290069806
RLG_AsatOT3098_Ava_chr5A-222612_TSD	0.766	-0.0080040408837984	0.0252482067003736
RLG_AsatOT3098_Ava_chr5A-223003_TSD	0.914	-0.00812580223060056	0.0271894727386863
RLG_AsatOT3098_Ava_chr5A-223568_TSD	1.469	-0.0062428592928382	0.0214135945153047
RLG_AsatOT3098_Ava_chr5A-223830_TSD	1.161	-0.00720552644964455	0.0235510938118806
RLG_AsatOT3098_Ava_chr5A-224196_TSD	1.096	-0.00468460888176824	0.0215376792322456
RLG_AsatOT3098_Ava_chr5A-224875_TSD	1.043	-0.00744815976966436	0.0236275667988833
RLG_AsatOT3098_Ava_chr5A-225462_TSD	0.794	-0.00712082505738172	0.0232277178365934
RLG_AsatOT3098_Ava_chr5A-229193_TSD	1.259	-0.00733237601408659	0.0233841082093787
RLG_AsatOT3098_Ava_chr5A-229276_TSD	0.873	-0.00760628350611234	0.0246650443445435
RLG_AsatOT3098_Ava_chr5A-236075_TSD	0.769	-0.00820229852356826	0.0252236253657294
RLG_AsatOT3098_Ava_chr5A-238025_TSD	1.542	-0.00518032772897487	0.020938540269506
RLG_AsatOT3098_Ava_chr5A-238049_TSD	1.017	-0.00763812886099125	0.0234279419076491
RLG_AsatOT3098_Ava_chr5A-255983_TSD	1.145	-0.00760919077815048	0.0255914569460508
RLG_AsatOT3098_Ava_chr5A-272915_TSD	0.633	-0.00818673654968534	0.0262112601342354
RLG_AsatOT3098_Ava_chr5A-391329_TSD	0.674	-0.0080697597961257	0.02633721167698
RLG_AsatOT3098_Ava_chr5A-405951_TSD	1.009	-0.00805090146773217	0.0272710185283838
RLG_AsatOT3098_Ava_chr5D-009539_TSD	0.697	-0.00756682396329881	0.0237695366775907
RLG_AsatOT3098_Ava_chr5D-030649_TSD	0.976	-0.0069297673664455	0.024129119087729
RLG_AsatOT3098_Ava_chr5D-145963_TSD	1.108	-0.00762784823099646	0.0254949958540808
RLG_AsatOT3098_Ava_chr5D-150253_TSD	0.834	-0.0081366339755314	0.0272798709466487
RLG_AsatOT3098_Ava_chr5D-174977_TSD	1.575	-0.00735965752024549	0.0232252203084449
RLG_AsatOT3098_Ava_chr5D-175175_TSD	1.519	-0.00730557421467143	0.0245175457557423
RLG_AsatOT3098_Ava_chr5D-175231_TSD	1.707	-0.00497053900856168	0.019090278486878
RLG_AsatOT3098_Ava_chr5D-176454_TSD	1.486	-0.00712520924973483	0.0240998195364581
RLG_AsatOT3098_Ava_chr5D-176656_TSD	1.689	-0.00501902754681977	0.0205147401767059
RLG_AsatOT3098_Ava_chr5D-176991_TSD	1.051	-0.00726997209635381	0.0243130209391337
RLG_AsatOT3098_Ava_chr5D-177478_TSD	2.243	-0.00438331440234809	0.0195700298129393
RLG_AsatOT3098_Ava_chr5D-180376_TSD	1.604	-0.00478727643723634	0.0194576088391167
RLG_AsatOT3098_Ava_chr5D-181416_TSD	1.249	-0.0052397708138931	0.0217997199657622
RLG_AsatOT3098_Ava_chr5D-187974_TSD	1.051	-0.0066134695719969	0.0236377363017453
RLG_AsatOT3098_Ava_chr5D-188856_TSD	0.633	-0.00842027275392633	0.0265173037901193
RLG_AsatOT3098_Ava_chr5D-189375_TSD	0.405	-0.008151522222719	0.0268535611261649
RLG_AsatOT3098_Ava_chr5D-189754_TSD	0.447	-0.00819137929253764	0.0269555730502087
RLG_AsatOT3098_Ava_chr5D-190115_TSD	0.445	-0.00780073049825779	0.0246232363475788
RLG_AsatOT3098_Ava_chr5D-190598_TSD	0.547	-0.00844062855527287	0.0270419501487251
RLG_AsatOT3098_Ava_chr5D-190703_TSD	1.024	-0.00815376295170279	0.0273518065639729
RLG_AsatOT3098_Ava_chr5D-190749_TSD	0.558	-0.00818865740513546	0.0266163757347333
RLG_AsatOT3098_Ava_chr5D-190822_TSD	0.517	-0.0083400474981006	0.0275869668490501
RLG_AsatOT3098_Ava_chr5D-191039_TSD	0.736	-0.00813774753900087	0.0267530384415565
RLG_AsatOT3098_Ava_chr5D-191188_TSD	0.399	-0.00822969338754129	0.0270557539853082
RLG_AsatOT3098_Ava_chr5D-191543_TSD	0.694	-0.00801786621182314	0.0269481606488264
RLG_AsatOT3098_Ava_chr5D-191552_TSD	0.472	-0.00764865555460614	0.0272657193160037
RLG_AsatOT3098_Ava_chr5D-191749_TSD	0.665	-0.0082879938864799	0.0272459387623248
RLG_AsatOT3098_Ava_chr5D-191785_TSD	0.64	-0.00816962740012799	0.0256211951289487
RLG_AsatOT3098_Ava_chr5D-192114_TSD	0.651	-0.00846684416467829	0.0277151360159725
RLG_AsatOT3098_Ava_chr5D-192127_TSD	0.883	-0.0080921932865997	0.0260970559575944
RLG_AsatOT3098_Ava_chr5D-192259_TSD	1.62	-0.0080362861062118	0.0254839124587891
RLG_AsatOT3098_Ava_chr5D-192352_TSD	0.971	-0.00767065934927929	0.0273583535847454
RLG_AsatOT3098_Ava_chr5D-192414_TSD	0.671	-0.00798851206318246	0.027523588773187
RLG_AsatOT3098_Ava_chr5D-192477_TSD	0.477	-0.00821343292366196	0.027817239941795
RLG_AsatOT3098_Ava_chr5D-192497_TSD	0.528	-0.00814685520540952	0.0242534672397286
RLG_AsatOT3098_Ava_chr5D-192546_TSD	1.025	-0.00829651416782337	0.0276370319731391
RLG_AsatOT3098_Ava_chr5D-192560_TSD	0.558	-0.0080594779033909	0.0274239582723015
RLG_AsatOT3098_Ava_chr5D-192837_TSD	0.923	-0.0081686600325137	0.025446497995847
RLG_AsatOT3098_Ava_chr5D-192906_TSD	0.682	-0.00832412852036298	0.0275541925653302
RLG_AsatOT3098_Ava_chr5D-194225_TSD	0.787	-0.00811494289045168	0.0269914433731371
RLG_AsatOT3098_Ava_chr5D-195082_TSD	1.943	-0.00471924525768739	0.0210151637265423
RLG_AsatOT3098_Ava_chr5D-196995_TSD	0.552	-0.00811141495890843	0.0280208076769898
RLG_AsatOT3098_Ava_chr5D-197030_TSD	1.078	-0.00802418786403392	0.027364824272182
RLG_AsatOT3098_Ava_chr5D-197624_TSD	1.112	-0.00765627239525644	0.0239545399684935
RLG_AsatOT3098_Ava_chr5D-202051_TSD	1.535	-0.00753656223236879	0.0245220871375586
RLG_AsatOT3098_Ava_chr5D-206657_TSD	1.33	-0.00795712357297235	0.0277965479330791
RLG_AsatOT3098_Ava_chr5D-246258_TSD	1.738	-0.00750051930802727	0.0238516904264971
RLG_AsatOT3098_Ava_chr5D-368761_TSD	0.821	-0.00832137020182002	0.0235230094627286
RLG_AsatOT3098_Ava_chr5D-426278_TSD	0.808	-0.0081158984768778	0.0272113736360375
RLG_AsatOT3098_Ava_chr6A-058052_TSD	1.097	-0.007443276954494	0.0241631833876211
RLG_AsatOT3098_Ava_chr6A-061200_TSD	1.338	-0.00715617391429199	0.0230910249136858
RLG_AsatOT3098_Ava_chr6A-074411_TSD	1.126	-0.00768305380112222	0.02507100772149
RLG_AsatOT3098_Ava_chr6A-087353_TSD	2.027	-0.00432330012192877	0.0201434877062224
RLG_AsatOT3098_Ava_chr6A-121241_TSD	1.456	-0.00717450503007679	0.0230136171880038
RLG_AsatOT3098_Ava_chr6A-130786_TSD	1.247	-0.00713294150712635	0.0233397956415284
RLG_AsatOT3098_Ava_chr6A-132662_TSD	1.069	-0.00723639281023905	0.0239010735218339
RLG_AsatOT3098_Ava_chr6A-133160_TSD	0.91	-0.00786983686954959	0.0249159446525619
RLG_AsatOT3098_Ava_chr6A-133713_TSD	1.251	-0.00724624403324219	0.023658371058209
RLG_AsatOT3098_Ava_chr6A-135269_TSD	0.59	-0.00807149910825267	0.0272556529985872
RLG_AsatOT3098_Ava_chr6A-135945_TSD	0.729	-0.00829093644067605	0.0270434305133738
RLG_AsatOT3098_Ava_chr6A-136972_TSD	0.685	-0.00812489839342964	0.0261137424134313
RLG_AsatOT3098_Ava_chr6A-137328_TSD	0.501	-0.00817683696881683	0.0263139044379794
RLG_AsatOT3098_Ava_chr6A-137354_TSD	0.422	-0.00817542355938445	0.0270154062588528
RLG_AsatOT3098_Ava_chr6A-142389_TSD	0.592	-0.00804134294275912	0.0266366340211394
RLG_AsatOT3098_Ava_chr6A-142693_TSD	1.078	-0.0073861094971666	0.0232387253270673
RLG_AsatOT3098_Ava_chr6A-143353_TSD	1.887	-0.00471712212795669	0.0200145582168848
RLG_AsatOT3098_Ava_chr6A-143611_TSD	1.416	-0.00679143591721981	0.0215382391432849
RLG_AsatOT3098_Ava_chr6A-155396_TSD	1.663	-0.00720159516846816	0.0227870681171037
RLG_AsatOT3098_Ava_chr6A-160809_TSD	1.862	-0.00501356663207519	0.0202131242597436
RLG_AsatOT3098_Ava_chr6A-297197_TSD	0.989	-0.00781586469250058	0.0261934348857355
RLG_AsatOT3098_Ava_chr6A-344771_TSD	0.753	-0.008321988590392	0.0270927145935226
RLG_AsatOT3098_Ava_chr6A-426331_TSD	0.198	-0.00777960118075594	0.0247690622043628
RLG_AsatOT3098_Ava_chr6A-429702_TSD	1.215	-0.00725208793324045	0.0241455122694432
RLG_AsatOT3098_Ava_chr6D-025866_TSD	0.674	-0.00814179115192688	0.0248404314693416
RLG_AsatOT3098_Ava_chr6D-043257_TSD	1.28	-0.00743695448293667	0.0227774058451354
RLG_AsatOT3098_Ava_chr6D-048166_TSD	1.442	-0.00640342587533089	0.0216999699247997
RLG_AsatOT3098_Ava_chr6D-078140_TSD	1.303	-0.00731066632845041	0.0223415082012782
RLG_AsatOT3098_Ava_chr6D-089515_TSD	1.147	-0.00834621924276801	0.027307691580897
RLG_AsatOT3098_Ava_chr6D-096836_TSD	1.018	-0.00725641352361099	0.0238650088139069
RLG_AsatOT3098_Ava_chr6D-097606_TSD	1.157	-0.00826820777498941	0.0259523569592365
RLG_AsatOT3098_Ava_chr6D-098293_TSD	0.477	-0.00834367406617958	0.0269679592788054
RLG_AsatOT3098_Ava_chr6D-098562_TSD	0.454	-0.00815588063926166	0.0260116924466856
RLG_AsatOT3098_Ava_chr6D-098680_TSD	0.401	-0.00812715042750957	0.0262382410633064
RLG_AsatOT3098_Ava_chr6D-098727_TSD	0.829	-0.00766007145270707	0.0281097916189507
RLG_AsatOT3098_Ava_chr6D-098866_TSD	0.467	-0.00807910463396427	0.0270517863876019
RLG_AsatOT3098_Ava_chr6D-099092_TSD	0.427	-0.0084710431655548	0.0235695883875466
RLG_AsatOT3098_Ava_chr6D-099131_TSD	1.148	-0.00807074069820087	0.0270198145683677
RLG_AsatOT3098_Ava_chr6D-099182_TSD	0.49	-0.00806586426683678	0.0268837801521849
RLG_AsatOT3098_Ava_chr6D-099226_TSD	0.812	-0.00829573191765392	0.0253989170218393
RLG_AsatOT3098_Ava_chr6D-099255_TSD	0.642	-0.00807242823325604	0.0262970840258819
RLG_AsatOT3098_Ava_chr6D-099310_TSD	0.735	-0.00835743776412462	0.0265705761276517
RLG_AsatOT3098_Ava_chr6D-099602_TSD	0.471	-0.00818708547243652	0.0261863696823857
RLG_AsatOT3098_Ava_chr6D-099844_TSD	0.237	-0.00831322313896918	0.0283704396815451
RLG_AsatOT3098_Ava_chr6D-100021_TSD	0.917	-0.00807021988810958	0.0259140258700252
RLG_AsatOT3098_Ava_chr6D-100206_TSD	0.651	-0.00810163263775338	0.026150966746132
RLG_AsatOT3098_Ava_chr6D-100234_TSD	0.611	-0.0081436938976986	0.0261420297673689
RLG_AsatOT3098_Ava_chr6D-100461_TSD	0.546	-0.0081448227558151	0.0268081329569168
RLG_AsatOT3098_Ava_chr6D-100679_TSD	0.865	-0.00811803737002438	0.0270535271275677
RLG_AsatOT3098_Ava_chr6D-100784_TSD	0.785	-0.00814119321615106	0.0270824500298319
RLG_AsatOT3098_Ava_chr6D-101167_TSD	0.437	-0.00835122747353714	0.0271540980122916
RLG_AsatOT3098_Ava_chr6D-101307_TSD	0.55	-0.00839932443723933	0.0263651581616776
RLG_AsatOT3098_Ava_chr6D-101463_TSD	0.587	-0.00843350461728458	0.0273175128563306
RLG_AsatOT3098_Ava_chr6D-101484_TSD	0.71	-0.00842256935443646	0.0234403897349248
RLG_AsatOT3098_Ava_chr6D-101506_TSD	0.719	-0.00826956853270546	0.0261249613116045
RLG_AsatOT3098_Ava_chr6D-101548_TSD	0.748	-0.00840497054541874	0.0246021177821252
RLG_AsatOT3098_Ava_chr6D-102534_TSD	0.678	-0.00791605840224744	0.0268751792174231
RLG_AsatOT3098_Ava_chr6D-102717_TSD	0.671	-0.00846250225786618	0.0266608491039956
RLG_AsatOT3098_Ava_chr6D-102898_TSD	0.423	-0.00834473095625091	0.0284016094674268
RLG_AsatOT3098_Ava_chr6D-102982_TSD	0.598	-0.00822045352861612	0.0272381535900598
RLG_AsatOT3098_Ava_chr6D-103957_TSD	1.643	-0.00765927456073763	0.0243548295018997
RLG_AsatOT3098_Ava_chr6D-104744_TSD	1.091	-0.0077852393594787	0.024475969940111
RLG_AsatOT3098_Ava_chr6D-106087_TSD	0.511	-0.0083267102369194	0.0271326696055982
RLG_AsatOT3098_Ava_chr6D-120363_TSD	1.434	-0.00704157971780638	0.0231317424511772
RLG_AsatOT3098_Ava_chr6D-125797_TSD	0.74	-0.00510983475351871	0.0201981904793033
RLG_AsatOT3098_Ava_chr6D-129834_TSD	1.047	-0.00805071016395079	0.0264648999625842
RLG_AsatOT3098_Ava_chr6D-201209_TSD	0.548	-0.00807480658420791	0.027134763331834
RLG_AsatOT3098_Ava_chr6D-206210_TSD	0.554	-0.00481677792764417	0.020596823289171
RLG_AsatOT3098_Ava_chr6D-237293_TSD	1.834	-0.0049155016098895	0.0206745888230663
RLG_AsatOT3098_Ava_chr7A-067685_TSD	0.355	-0.00846618412152338	0.0245502594770172
RLG_AsatOT3098_Ava_chr7A-068652_TSD	0.99	-0.00807327882862709	0.0277990581497806
RLG_AsatOT3098_Ava_chr7A-108159_TSD	0.782	-0.0080372025782543	0.0271138496387463
RLG_AsatOT3098_Ava_chr7A-178794_TSD	1.943	-0.00417808632697786	0.0196688993667544
RLG_AsatOT3098_Ava_chr7A-276898_TSD	1.322	-0.00506429587415771	0.0210881054345908
RLG_AsatOT3098_Ava_chr7A-304129_TSD	1.773	-0.00718709823124316	0.0240022777521752
RLG_AsatOT3098_Ava_chr7A-320912_TSD	1.539	-0.00558420496819762	0.0208057382837996
RLG_AsatOT3098_Ava_chr7A-324132_TSD	0.705	-0.00746801750577363	0.024225203626506
RLG_AsatOT3098_Ava_chr7A-329181_TSD	1.442	-0.00710723821827236	0.0236768745124361
RLG_AsatOT3098_Ava_chr7A-329780_TSD	0.625	-0.00793896321205105	0.0272116299294765
RLG_AsatOT3098_Ava_chr7A-354804_TSD	1.126	-0.007495431018484	0.0253223232251968
RLG_AsatOT3098_Ava_chr7A-355165_TSD	0.73	-0.0073809049781153	0.0234584192622427
RLG_AsatOT3098_Ava_chr7A-376552_TSD	1.134	-0.00498120246203332	0.0215794418143018
RLG_AsatOT3098_Ava_chr7A-377739_TSD	1.552	-0.00709853222151602	0.0244580797364967
RLG_AsatOT3098_Ava_chr7C-305303_TSD	0.985	-0.00825228524571346	0.0270668330455501
RLG_AsatOT3098_Ava_chr7D-039439_TSD	1.176	-0.00450779385197786	0.0209384643870937
RLG_AsatOT3098_Ava_chr7D-043036_TSD	0.664	-0.00808834914823504	0.0272807668662855
RLG_AsatOT3098_Ava_chr7D-049836_TSD	1.365	-0.00427438594583677	0.0208167653775853
RLG_AsatOT3098_Ava_chr7D-049975_TSD	1.27	-0.00427374640887303	0.020762100662018
RLG_AsatOT3098_Ava_chr7D-050115_TSD	1.408	-0.00434672813271115	0.0208547211428185
RLG_AsatOT3098_Ava_chr7D-126240_TSD	1.604	-0.00445872842625334	0.0204072354831987
RLG_AsatOT3098_Ava_chr7D-166350_TSD	1.368	-0.00758848742196706	0.0244377985219536
RLG_AsatOT3098_Ava_chr7D-187323_TSD	1.445	-0.00496394843559842	0.0210869570553545
RLG_AsatOT3098_Ava_chr7D-207285_TSD	1.364	-0.00709810761551341	0.0230405788802076
RLG_AsatOT3098_Ava_chr7D-216790_TSD	1.367	-0.0074312784640798	0.0240296185946514
RLG_AsatOT3098_Ava_chr7D-219484_TSD	0.715	-0.00843658782769388	0.0261122358296986
RLG_AsatOT3098_Ava_chr7D-219548_TSD	0.67	-0.00816643804391319	0.0278086895362758
RLG_AsatOT3098_Ava_chr7D-220448_TSD	0.844	-0.00828477804498908	0.0256310339904429
RLG_AsatOT3098_Ava_chr7D-223002_TSD	1.416	-0.00547175621276884	0.0210532213656128
RLG_AsatOT3098_Ava_chr7D-223342_TSD	1.038	-0.00825492394543208	0.0262730996090245
RLG_AsatOT3098_Ava_chr7D-223390_TSD	1.031	-0.00809675148502582	0.0273118504287928
RLG_AsatOT3098_Ava_chr7D-223640_TSD	0.744	-0.00836360966417255	0.0274443083282399
RLG_AsatOT3098_Ava_chr7D-223667_TSD	1.048	-0.00765072487017007	0.0235978504290305
RLG_AsatOT3098_Ava_chr7D-224109_TSD	0.477	-0.00826901857396195	0.0270095079687332
RLG_AsatOT3098_Ava_chr7D-224764_TSD	0.487	-0.0082005706335122	0.0276516304538821
RLG_AsatOT3098_Ava_chr7D-224910_TSD	1.505	-0.00732827204456635	0.0233183362293417
RLG_AsatOT3098_Ava_chr7D-225020_TSD	0.389	-0.00830014237076664	0.0272608066494072
RLG_AsatOT3098_Ava_chr7D-225709_TSD	0.793	-0.008322196316442	0.0255207523366517
RLG_AsatOT3098_Ava_chr7D-226273_TSD	0.468	-0.008399512124486	0.0274570256812468
RLG_AsatOT3098_Ava_chr7D-226364_TSD	0.438	-0.00833670232302096	0.0274839699957668
RLG_AsatOT3098_Ava_chr7D-226375_TSD	0.637	-0.00820989416143326	0.0276697413777855
RLG_AsatOT3098_Ava_chr7D-226547_TSD	0.556	-0.00804210873491175	0.0264515261481681
RLG_AsatOT3098_Ava_chr7D-226667_TSD	0.405	-0.00823043262075387	0.0252711116444348
RLG_AsatOT3098_Ava_chr7D-227188_TSD	0.478	-0.00834069458445825	0.0270624443006373
RLG_AsatOT3098_Ava_chr7D-227540_TSD	0.563	-0.00820386465435451	0.0281539566086411
RLG_AsatOT3098_Ava_chr7D-227728_TSD	0.607	-0.00807941637124468	0.0263745635237591
RLG_AsatOT3098_Ava_chr7D-227789_TSD	0.318	-0.00840098061394014	0.0270530447995661
RLG_AsatOT3098_Ava_chr7D-227838_TSD	0.683	-0.00817927822304963	0.0271138689247743
RLG_AsatOT3098_Ava_chr7D-227893_TSD	0.612	-0.00846500398306088	0.026739188713648
RLG_AsatOT3098_Ava_chr7D-228152_TSD	1.793	-0.00821446070276452	0.0232691944035392
RLG_AsatOT3098_Ava_chr7D-228210_TSD	0.769	-0.00821516823597433	0.0261155970440984
RLG_AsatOT3098_Ava_chr7D-228282_TSD	0.586	-0.00824089175154325	0.0269801462297241
RLG_AsatOT3098_Ava_chr7D-228586_TSD	0.763	-0.0083164297007065	0.0275375734854945
RLG_AsatOT3098_Ava_chr7D-229044_TSD	0.625	-0.00816191911793457	0.0251073610722454
RLG_AsatOT3098_Ava_chr7D-229157_TSD	0.548	-0.00842164849591882	0.0273362584182675
RLG_AsatOT3098_Ava_chr7D-229233_TSD	0.58	-0.00830947514726611	0.0263772107739662
RLG_AsatOT3098_Ava_chr7D-229540_TSD	0.437	-0.00820526901346206	0.0274417796094102
RLG_AsatOT3098_Ava_chr7D-229670_TSD	0.487	-0.00845756262775011	0.0272086816867853
RLG_AsatOT3098_Ava_chr7D-229866_TSD	1.422	-0.00828071223385128	0.0271473398569974
RLG_AsatOT3098_Ava_chr7D-229874_TSD	0.928	-0.00807938065029587	0.0251979936333351
RLG_AsatOT3098_Ava_chr7D-229982_TSD	0.707	-0.00820188109327858	0.0272931006683849
RLG_AsatOT3098_Ava_chr7D-230081_TSD	0.82	-0.00815592375733475	0.0267817055919027
RLG_AsatOT3098_Ava_chr7D-230183_TSD	0.613	-0.00826519943740645	0.0273976230351948
RLG_AsatOT3098_Ava_chr7D-230634_TSD	0.891	-0.00815330407244277	0.0245822891848497
RLG_AsatOT3098_Ava_chr7D-230849_TSD	0.47	-0.0080967097104461	0.0284805654125108
RLG_AsatOT3098_Ava_chr7D-232598_TSD	0.786	-0.00807482512426713	0.0261637983780821
RLG_AsatOT3098_Ava_chr7D-233782_TSD	0.438	-0.00804160484833372	0.0273177733408904
RLG_AsatOT3098_Ava_chr7D-234339_TSD	0.682	-0.00825163785760147	0.0278027386611459
RLG_AsatOT3098_Ava_chr7D-239929_TSD	0.763	-0.00770852072929176	0.0248620701837506
RLG_AsatOT3098_Ava_chr7D-242461_TSD	1.101	-0.00809094571529119	0.0260751297288941
RLG_AsatOT3098_Ava_chr7D-247322_TSD	0.935	-0.00738908203181641	0.0231396793379913
RLG_AsatOT3098_Ava_chr7D-247602_TSD	1.03	-0.00757888146569251	0.0253874929147577
RLG_AsatOT3098_Ava_chr7D-254918_TSD	1.326	-0.00745121900034599	0.0243079466856571
RLG_AsatOT3098_Ava_chr7D-278657_TSD	1.156	-0.00553746791604058	0.0217379741583384
RLG_AsatOT3098_Ava_chr7D-285827_TSD	1.027	-0.00725032548574908	0.0246134339990652
RLG_AsatOT3098_Ava_chr7D-303260_TSD	0.478	-0.00836005635489717	0.0268722165322578
RLG_AsatOT3098_Ava_chr7D-321507_TSD	1.224	-0.00824413149635102	0.0264468384692927
RLG_AsatOT3098_Ava_chr7D-377669_TSD	0.812	-0.0082192170181852	0.0265082412985929
RLG_AsatOT3098_Ava_chr7D-420647_TSD	0.625	-0.00799126477469785	0.0271163178085488
RLG_AsatOT3098_Ava_chr7D-433654_TSD	1.58	-0.00453864594804372	0.0199295603662655
