RLG_AeriBYU132Cp_Ava_chr1C-182911_TSD	2.289	-0.0160164212549621	0.0040014616424046
RLG_AeriBYU132Cp_Ava_chr2C-074273_TSD	2.281	-0.0146941961980682	0.00175406152097101
RLG_AeriBYU132Cp_Ava_chr3C-020609_TSD	1.365	-0.0168578346832622	0.000556229490088917
RLG_AeriBYU132Cp_Ava_chr3C-406957_TSD	2.764	-0.012784389541496	0.00510666789341252
RLG_AeriBYU132Cp_Ava_chr4C-554246_TSD	2.115	-0.0138785600100108	0.00375317685528042
RLG_AeriBYU132Cp_Ava_chr5C-296404_TSD	2.498	-0.01344695236456	0.0019531573101953
RLG_AinsBYU209_Ava_chr1C-180574_TSD	2.159	-0.0157640783826512	0.000664586911436067
RLG_AinsBYU209_Ava_chr1C-182802_TSD	2.09	-0.0146017264771505	-0.000411510236877398
RLG_AinsBYU209_Ava_chr1C-210169_TSD	2.473	-0.013780561943833	-0.000876524557083527
RLG_AinsBYU209_Ava_chr2C-201271_TSD	2.285	-0.0163546948330615	0.00287592806661249
RLG_AinsBYU209_Ava_chr2C-203897_TSD	2.427	-0.0151589591299427	0.000252963325389101
RLG_AinsBYU209_Ava_chr3C-282411_TSD	2.032	-0.0158925170978414	0.000941213635050092
RLG_AinsBYU209_Ava_chr4C-340320_TSD	1.5	-0.0147894233832805	0.00153683945466867
RLG_AinsBYU209_Ava_chr5C-214143_TSD	2.829	-0.0158877525413007	0.00155640135018698
RLG_AinsBYU209_Ava_chr5C-214182_TSD	3.27	-0.0130132584947598	7.55089957385267e-05
RLG_AinsBYU209_Ava_chr5C-214788_TSD	2.075	-0.0111664539857143	-0.00100572703467309
RLG_AinsBYU209_Ava_chr5C-216439_TSD	2.295	-0.0120108612643934	0.000154639963840673
RLG_AinsBYU209_Ava_chr5C-219874_TSD	2.305	-0.0138870112912087	0.00156128792333142
RLG_AinsBYU209_Ava_chr5C-225531_TSD	2.662	-0.0155620909458726	0.00100105608738808
RLG_AinsBYU209_Ava_chr5C-227146_TSD	2.11	-0.0119336242409595	0.00155025498612993
RLG_AinsBYU209_Ava_chr5C-227251_TSD	1.952	-0.0122991603135385	0.000183511162975032
RLG_AinsBYU209_Ava_chr5C-227828_TSD	2.677	-0.0159431546228147	0.00185848285866654
RLG_AinsBYU209_Ava_chr5C-271768_TSD	2.233	-0.0133884065012383	0.00115512761805492
RLG_AinsBYU209_Ava_chr5C-478670_TSD	2.39	-0.0139626576855408	0.00311641904526012
RLG_AinsBYU209_Ava_chr6C-327927_TSD	2.802	-0.0130173534394403	0.00103953147053422
RLG_AinsBYU209_Ava_chr7C-288945_TSD	1.659	-0.0139353430550447	0.00221955648152728
RLG_AinsBYU209_Ava_chr7C-305767_TSD	2.069	-0.0130195458138647	-0.000245885683508717
RLG_AsatOT3098_Ava_chr1C-233735_TSD	2.313	-0.0153300047015585	0.000510457083085246
RLG_AsatOT3098_Ava_chr1C-235925_TSD	2.089	-0.0149012358044602	-3.46992438141e-05
RLG_AsatOT3098_Ava_chr1C-272316_TSD	1.909	-0.0145728350177627	-0.000867282765415332
RLG_AsatOT3098_Ava_chr1C-272331_TSD	2.623	-0.0141027316275902	-0.00144647409205778
RLG_AsatOT3098_Ava_chr2C-233674_TSD	2.25	-0.0145603648079265	0.000562992728431601
RLG_AsatOT3098_Ava_chr3C-243023_TSD	2.079	-0.015676921736766	0.000895013690541354
RLG_AsatOT3098_Ava_chr4C-364347_TSD	2.214	-0.0139453332396425	0.00113135255545756
RLG_AsatOT3098_Ava_chr4C-365390_TSD	1.781	-0.0161177170112795	0.00201262796187998
RLG_AsatOT3098_Ava_chr4C-369843_TSD	1.665	-0.0151557551649131	0.00251235290949478
RLG_AsatOT3098_Ava_chr5C-222033_TSD	2.373	-0.0164476150938222	0.000606618391404453
RLG_AsatOT3098_Ava_chr5C-222212_TSD	2.908	-0.0165523360277593	0.00223777779223072
RLG_AsatOT3098_Ava_chr5C-222252_TSD	3.046	-0.0144691824787042	0.000938282372733532
RLG_AsatOT3098_Ava_chr5C-222833_TSD	1.994	-0.0113619476555734	-0.000654314441566855
RLG_AsatOT3098_Ava_chr5C-224440_TSD	2.251	-0.0124901718708646	0.00057389391874151
RLG_AsatOT3098_Ava_chr5C-227889_TSD	2.531	-0.0135164079134027	0.00130995515628445
RLG_AsatOT3098_Ava_chr5C-233939_TSD	2.401	-0.0154700318229109	0.000910630503121999
RLG_AsatOT3098_Ava_chr5C-236409_TSD	2.223	-0.0162292887393917	0.00217919536553725
RLG_AsatOT3098_Ava_chr5C-289844_TSD	2.477	-0.0137588027096417	0.00188455900578806
RLG_AsatOT3098_Ava_chr5C-525845_TSD	2.235	-0.0152225976145496	0.00401339768427454
RLG_AsatOT3098_Ava_chr6C-375617_TSD	2.842	-0.0135255829911521	-0.000535972673168587
RLG_AsatOT3098_Ava_chr6C-377206_TSD	2.57	-0.0142777612557495	0.00170772433126806
RLG_AsatOT3098_Ava_chr6C-418599_TSD	2.167	-0.0155827168952967	0.00329600598456919
RLG_AsatOT3098_Ava_chr7C-328988_TSD	1.743	-0.0130654818835915	0.00208246294974091
RLG_AsatOT3098_Ava_chr7C-350550_TSD	1.983	-0.012633210079184	-0.000102501274504423
