RLG_AeriBYU132Cp_Ava_chr1C-044126_TSD	2.196	0.000987348283441741	0.0198281755677264
RLG_AeriBYU132Cp_Ava_chr1C-503338_TSD	2.295	0.00220762809007865	0.0211207840370298
RLG_AeriBYU132Cp_Ava_chr3C-384120_TSD	3.825	0.002045814305956	0.0186287584655216
RLG_AeriBYU132Cp_Ava_chr3C-394275_TSD	3.127	0.000716630923353562	0.0228080139150204
RLG_AeriBYU132Cp_Ava_chr4C-375915_TSD	3.536	0.00298103342936994	0.0225961977895872
RLG_AeriBYU132Cp_Ava_chr4C-380341_TSD	3.806	0.00408826885860516	0.0237605397073922
RLG_AeriBYU132Cp_Ava_chr4C-394093_TSD	3.483	0.00326071134099728	0.0243873274848917
RLG_AeriBYU132Cp_Ava_chr4C-403532_TSD	3.68	0.00271593216757713	0.0238179906897796
RLG_AeriBYU132Cp_Ava_chr4C-416814_TSD	3.764	0.00167512268340077	0.0238245035304963
RLG_AeriBYU132Cp_Ava_chr5C-353528_TSD	3.862	0.00391427881294176	0.0240518574770479
RLG_AeriBYU132Cp_Ava_chr5C-368958_TSD	3.519	0.00368619174859693	0.0251737471357062
RLG_AeriBYU132Cp_Ava_chr5C-401982_TSD	3.831	0.00524481669572337	0.0215701737914627
RLG_AeriBYU132Cp_Ava_chr6C-331190_TSD	2.828	0.00399049395454453	0.0242974327724674
RLG_AinsBYU209_Ava_chr1C-174053_TSD	2.571	0.00193616359768686	0.0208204623014372
RLG_AinsBYU209_Ava_chr1C-273463_TSD	2.533	0.00263209545951714	0.0200008618649188
RLG_AinsBYU209_Ava_chr3C-004692_TSD	1.604	-6.14448834425152e-05	0.0244359153785118
RLG_AinsBYU209_Ava_chr3C-280194_TSD	2.51	-0.00100316724411497	0.0229577277599839
RLG_AinsBYU209_Ava_chr3C-375279_TSD	3.68	0.00159347318401449	0.0225042209144239
RLG_AinsBYU209_Ava_chr4C-350313_TSD	2.628	0.000772822696889045	0.0228107811796584
RLG_AinsBYU209_Ava_chr5C-186045_TSD	2.891	0.00484224547870463	0.0189007164879097
RLG_AinsBYU209_Ava_chr5C-227090_TSD	2.316	0.000973959904744566	0.02137494797743
RLG_AinsBYU209_Ava_chr5C-228941_TSD	2.812	-0.000461798032267623	0.0224537683274616
RLG_AinsBYU209_Ava_chr5C-266734_TSD	3.366	0.00118412390539373	0.0251307738132929
RLG_AinsBYU209_Ava_chr5C-269897_TSD	3.336	0.00231392606413832	0.022482331194178
RLG_AinsBYU209_Ava_chr5C-272327_TSD	3.488	0.00490892997137661	0.0230877690159102
RLG_AinsBYU209_Ava_chr5C-273045_TSD	3.148	0.0014145025151385	0.0230985779783473
RLG_AinsBYU209_Ava_chr5C-274369_TSD	3.112	0.00308633877506982	0.0233264721871995
RLG_AinsBYU209_Ava_chr5C-275145_TSD	3.629	0.00143430235397503	0.0210555357409783
RLG_AinsBYU209_Ava_chr5C-276297_TSD	3.777	0.00383170943662033	0.0243768884193293
RLG_AinsBYU209_Ava_chr6C-128439_TSD	2.986	0.00485304696445451	0.0202882585516326
RLG_AinsBYU209_Ava_chr6C-326115_TSD	2.184	-0.000205140447124916	0.0224127620248014
RLG_AinsBYU209_Ava_chr6C-328201_TSD	3.17	0.00236609622421644	0.0197110934899065
RLG_AinsBYU209_Ava_chr6C-335306_TSD	2.792	-0.000986789014106205	0.0201304344282364
RLG_AinsBYU209_Ava_chr6C-365162_TSD	2.161	0.00224864345016047	0.0192727584246309
RLG_AinsBYU209_Ava_chr7C-287458_TSD	2.679	-0.000544285368850336	0.0236231310101349
RLG_AinsBYU209_Ava_chr7C-370959_TSD	3.371	0.00111111293561522	0.0228807316354962
RLG_AsatOT3098_Ava_chr1C-164745_TSD	3.706	0.00613798492315249	0.0213027081959009
RLG_AsatOT3098_Ava_chr1C-225014_TSD	2.574	0.00187620823347121	0.020680862743297
RLG_AsatOT3098_Ava_chr1C-233363_TSD	3.629	0.00197228820154182	0.0198246699990932
RLG_AsatOT3098_Ava_chr1C-262067_TSD	2.642	0.00255119210587283	0.0230707069799534
RLG_AsatOT3098_Ava_chr1C-347530_TSD	2.665	0.00244306179363928	0.0200513410475429
RLG_AsatOT3098_Ava_chr2C-222366_TSD	2.462	-0.000446359483277556	0.0235403233865446
RLG_AsatOT3098_Ava_chr3C-001033_TSD	1.393	-0.000439601265766238	0.0243549849997594
RLG_AsatOT3098_Ava_chr3C-239844_TSD	2.459	-0.000236277614144906	0.0221563156783502
RLG_AsatOT3098_Ava_chr3C-248505_TSD	3.548	0.0012900026865353	0.0229649408037331
RLG_AsatOT3098_Ava_chr3C-348862_TSD	2.152	0.0031341120752914	0.0206943286397519
RLG_AsatOT3098_Ava_chr4C-372472_TSD	2.643	0.000493389079083749	0.0227395221354733
RLG_AsatOT3098_Ava_chr5C-229363_TSD	3.145	0.00195825381474574	0.024117249468046
RLG_AsatOT3098_Ava_chr5C-235624_TSD	2.452	0.00253739963342672	0.0206236158899401
RLG_AsatOT3098_Ava_chr5C-237482_TSD	2.992	-0.000842745161863925	0.0233787789619192
RLG_AsatOT3098_Ava_chr5C-282799_TSD	3.495	0.00224599734068747	0.0245699885785545
RLG_AsatOT3098_Ava_chr5C-287693_TSD	3.333	0.00295258871428206	0.0204416102541325
RLG_AsatOT3098_Ava_chr5C-290669_TSD	3.39	0.00325953342729654	0.023500376597125
RLG_AsatOT3098_Ava_chr5C-291363_TSD	2.905	0.00108167977757066	0.0235902151914522
RLG_AsatOT3098_Ava_chr5C-292836_TSD	3.449	0.00257846377200816	0.022821814068021
RLG_AsatOT3098_Ava_chr5C-294665_TSD	3.526	0.00337531478051569	0.0226648234260803
RLG_AsatOT3098_Ava_chr5C-334521_TSD	3.375	0.00207739214247638	0.0223104958666794
RLG_AsatOT3098_Ava_chr6C-134923_TSD	3.076	0.00410065203970719	0.0204526540992471
RLG_AsatOT3098_Ava_chr6C-375213_TSD	1.964	0.000414705485662711	0.0207048948231411
RLG_AsatOT3098_Ava_chr6C-377489_TSD	2.995	0.00161651630766636	0.0206463171774117
RLG_AsatOT3098_Ava_chr7C-327480_TSD	2.717	0.000683161153400293	0.0246241499608424
RLG_AsatOT3098_Ava_chr7C-329688_TSD	3.025	-0.00112907069183612	0.019987593733277
RLG_AsatOT3098_Ava_chr7C-329825_TSD	2.234	0.00158316679183482	0.0210910141462515
RLG_AsatOT3098_Ava_chr7C-431858_TSD	3.277	0.00151019821554936	0.0221509507198714
