RLG_AeriBYU132Cp_Ava_chr2C-408936_TSD	2.416	-0.00426469882309617	0.019900970828262
RLG_AeriBYU132Cp_Ava_chr6C-174737_TSD	2.646	-0.00379799604400625	0.0141404770637877
RLG_AeriBYU132Cp_Ava_chr6C-184176_TSD	3.456	-0.00185615126379205	0.017689342341426
RLG_AeriBYU132Cp_Ava_chr6C-187999_TSD	3.671	-0.00185249927286651	0.016049124658739
RLG_AeriBYU132Cp_Ava_chr7C-070585_TSD	2.095	-0.00425586131915393	0.0179530245743687
RLG_AeriBYU132Cp_Ava_chr7C-124129_TSD	2.812	-0.00443431615483424	0.0134596655308723
RLG_AinsBYU209_Ava_chr2C-199458_TSD	2.336	-0.00837945298503655	0.0143729958796509
RLG_AinsBYU209_Ava_chr2C-200326_TSD	2.735	-0.00803859315120621	0.0160995522591623
RLG_AinsBYU209_Ava_chr2C-201721_TSD	1.752	-0.00838953350564709	0.0137191307756007
RLG_AinsBYU209_Ava_chr2C-202408_TSD	2.872	-0.00321729655876332	0.0199111984359567
RLG_AinsBYU209_Ava_chr2C-202910_TSD	2.899	-0.00860988801082854	0.0154637996864224
RLG_AinsBYU209_Ava_chr2C-205903_TSD	2.371	-0.00194041380799679	0.0183868684587858
RLG_AinsBYU209_Ava_chr3C-238715_TSD	2.35	-0.00683882988985345	0.0167055095829059
RLG_AinsBYU209_Ava_chr3C-282314_TSD	2.419	-0.00785356908776341	0.0170496214290529
RLG_AinsBYU209_Ava_chr3C-283798_TSD	1.815	-0.00639862744143644	0.0170431583126055
RLG_AinsBYU209_Ava_chr4C-328248_TSD	2.759	-0.00751278797168284	0.0163900968766856
RLG_AinsBYU209_Ava_chr4C-337929_TSD	2.927	-0.00185670612650427	0.0162635303630087
RLG_AinsBYU209_Ava_chr4C-340285_TSD	2.262	-0.00758633248645193	0.017454692535468
RLG_AinsBYU209_Ava_chr4C-340718_TSD	2.56	-0.00853036563621277	0.018034215241973
RLG_AinsBYU209_Ava_chr4C-566770_TSD	3.667	-0.0030760483350462	0.0196001783848247
RLG_AinsBYU209_Ava_chr5C-213628_TSD	2.804	-0.00559554839625598	0.0163705398170433
RLG_AinsBYU209_Ava_chr5C-217878_TSD	1.905	-0.00716036801865872	0.0156678895055299
RLG_AinsBYU209_Ava_chr5C-218323_TSD	2.59	-0.00257470940310838	0.0201696729131086
RLG_AinsBYU209_Ava_chr5C-220176_TSD	2.485	-0.00418516662015767	0.0158785222555905
RLG_AinsBYU209_Ava_chr5C-220911_TSD	2.565	-0.00589257983012642	0.0174952383395688
RLG_AinsBYU209_Ava_chr5C-221276_TSD	2.225	-0.00700776023179488	0.0169784563071594
RLG_AinsBYU209_Ava_chr5C-223832_TSD	2.342	-0.00579560074509105	0.0161465079193425
RLG_AinsBYU209_Ava_chr5C-227203_TSD	2.536	-0.00563105089221484	0.0151661261661761
RLG_AinsBYU209_Ava_chr5C-257853_TSD	2.509	-0.0069451547350551	0.0152165246608212
RLG_AinsBYU209_Ava_chr5C-272305_TSD	3.241	-0.00205492912214104	0.019658926940112
RLG_AinsBYU209_Ava_chr6C-348208_TSD	1.915	-0.00724676494130148	0.018887943279934
RLG_AinsBYU209_Ava_chr7C-287342_TSD	2.28	-0.00705542272202635	0.0173962961745054
RLG_AinsBYU209_Ava_chr7C-288802_TSD	1.991	-0.00657049660869985	0.0181808819461116
RLG_AinsBYU209_Ava_chr7C-288967_TSD	2.358	-0.00612661960252993	0.0166692258260611
RLG_AinsBYU209_Ava_chr7C-289353_TSD	2.385	-0.00619616205487592	0.016548946719877
RLG_AinsBYU209_Ava_chr7C-289644_TSD	2.811	-0.00164109459676901	0.0193518213822388
RLG_AinsBYU209_Ava_chr7C-301098_TSD	2.528	-0.00650884328245974	0.0191469408744704
RLG_AinsBYU209_Ava_chr7C-306100_TSD	2.569	-0.00458480211175393	0.0166337065137045
RLG_AinsBYU209_Ava_chr7C-433639_TSD	2.028	-0.0101292848571477	0.0170133501781604
RLG_AsatOT3098_Ava_chr2C-226094_TSD	2.394	-0.00617444513602861	0.0136094186040181
RLG_AsatOT3098_Ava_chr2C-227279_TSD	2.646	-0.0080539776331337	0.0161145298831889
RLG_AsatOT3098_Ava_chr2C-229762_TSD	1.921	-0.00835178494296774	0.0136885449565316
RLG_AsatOT3098_Ava_chr2C-232381_TSD	2.606	-0.00843616803532671	0.0153844520040784
RLG_AsatOT3098_Ava_chr2C-234725_TSD	2.289	-0.00872889512390755	0.0151127938503931
RLG_AsatOT3098_Ava_chr2C-235436_TSD	2.242	-0.00190728767968639	0.0182556989093173
RLG_AsatOT3098_Ava_chr3C-031142_TSD	2.591	-0.00481007319839116	0.0178485753291039
RLG_AsatOT3098_Ava_chr3C-242926_TSD	2.113	-0.00794909763317877	0.0170849560282318
RLG_AsatOT3098_Ava_chr3C-244114_TSD	1.86	-0.00577094085233175	0.0163326686355719
RLG_AsatOT3098_Ava_chr3C-306076_TSD	2.402	-0.00584129684848248	0.0154278549607866
RLG_AsatOT3098_Ava_chr4C-353900_TSD	2.973	-0.0067116457509012	0.0160132917139414
RLG_AsatOT3098_Ava_chr4C-365710_TSD	2.737	-0.00312087669042928	0.0159558550101018
RLG_AsatOT3098_Ava_chr4C-365841_TSD	2.58	-0.0025191178363998	0.0157503825140573
RLG_AsatOT3098_Ava_chr4C-367276_TSD	2.759	-0.00470373713643593	0.0177991100601885
RLG_AsatOT3098_Ava_chr4C-369814_TSD	2.35	-0.00758937270062062	0.0172567201138037
RLG_AsatOT3098_Ava_chr4C-660887_TSD	3.494	-0.00303570738682708	0.0195769543336711
RLG_AsatOT3098_Ava_chr5C-225778_TSD	2.509	-0.00708333371038399	0.0160385384997518
RLG_AsatOT3098_Ava_chr5C-229315_TSD	2.502	-0.00905625862575874	0.0177950703585836
RLG_AsatOT3098_Ava_chr5C-229471_TSD	2.254	-0.00644396504440164	0.0163280506486136
RLG_AsatOT3098_Ava_chr5C-229868_TSD	2.398	-0.00710378622618565	0.0170069591118007
RLG_AsatOT3098_Ava_chr5C-230444_TSD	2.206	-0.00451590144274426	0.0177758785262974
RLG_AsatOT3098_Ava_chr5C-232031_TSD	1.945	-0.00448250987893821	0.0164577095383452
RLG_AsatOT3098_Ava_chr5C-290647_TSD	3.371	-0.00225560536476951	0.0182363898011841
RLG_AsatOT3098_Ava_chr6C-385944_TSD	2.791	-0.00200323322692949	0.0204623181434317
RLG_AsatOT3098_Ava_chr6C-395712_TSD	1.789	-0.0063238004966274	0.0185486773275043
RLG_AsatOT3098_Ava_chr7C-317173_TSD	2.183	-0.00889946169828705	0.0190191683322435
RLG_AsatOT3098_Ava_chr7C-327321_TSD	2.408	-0.00696428767459429	0.0174733542819808
RLG_AsatOT3098_Ava_chr7C-328839_TSD	1.858	-0.00732128052573174	0.0182925480639018
RLG_AsatOT3098_Ava_chr7C-328847_TSD	1.737	-0.00561676255832434	0.0177259784204268
RLG_AsatOT3098_Ava_chr7C-329010_TSD	2.315	-0.0057619166613087	0.0168949807395842
RLG_AsatOT3098_Ava_chr7C-329389_TSD	2.131	-0.00601450092335163	0.0163757071160497
RLG_AsatOT3098_Ava_chr7C-345940_TSD	2.356	-0.00597152421494928	0.0194077788792475
RLG_AsatOT3098_Ava_chr7C-350899_TSD	2.74	-0.00455758745981442	0.0169684103486343
RLG_AsatOT3098_Ava_chr7C-507787_TSD	1.903	-0.0100166254234416	0.0174066904151626
