RLG_AeriBYU132Cp_Ava_chr1C-083618_TSD	2.127	0.0220964480996011	-0.0149829945001941
RLG_AeriBYU132Cp_Ava_chr1C-172036_TSD	2.586	0.0193825330673806	-0.0147037696314612
RLG_AeriBYU132Cp_Ava_chr1C-185343_TSD	2.446	0.0195442271467925	-0.0166011459531714
RLG_AeriBYU132Cp_Ava_chr1C-218467_TSD	4.006	0.0250864411907219	-0.00931212550898288
RLG_AeriBYU132Cp_Ava_chr1C-228165_TSD	2.251	0.0192456875606459	-0.0153192791317955
RLG_AeriBYU132Cp_Ava_chr1C-256652_TSD	3.588	0.0270907714117706	-0.00760093053067838
RLG_AeriBYU132Cp_Ava_chr1C-273131_TSD	2.935	0.0227259904019862	-0.0106187500299577
RLG_AeriBYU132Cp_Ava_chr2C-277890_TSD	2.938	0.0211590046686285	-0.0157532827432942
RLG_AeriBYU132Cp_Ava_chr2C-278327_TSD	2.967	0.0228054516639184	-0.0100633182676747
RLG_AeriBYU132Cp_Ava_chr2C-333361_TSD	2.916	0.02005074025961	-0.0162723004465547
RLG_AeriBYU132Cp_Ava_chr2C-462968_TSD	1.881	0.0206494191243971	-0.014793368708182
RLG_AeriBYU132Cp_Ava_chr3C-042181_TSD	2.642	0.0249287835820863	-0.00914247566055779
RLG_AeriBYU132Cp_Ava_chr3C-373131_TSD	2.653	0.0199321317098223	-0.00911718699172052
RLG_AeriBYU132Cp_Ava_chr3C-382066_TSD	3.542	0.0222679265526102	-0.0147612442197645
RLG_AeriBYU132Cp_Ava_chr3C-393826_TSD	3.121	0.0215926048708987	-0.0104215529363353
RLG_AeriBYU132Cp_Ava_chr3C-393952_TSD	2.3	0.0208751304315337	-0.0106568012985582
RLG_AeriBYU132Cp_Ava_chr3C-395066_TSD	2.764	0.0193518199491031	-0.0139288402498208
RLG_AeriBYU132Cp_Ava_chr3C-459611_TSD	2.936	0.0208251300126075	-0.0137869065507332
RLG_AeriBYU132Cp_Ava_chr4C-383433_TSD	2.558	0.0205465719535934	-0.0107144081594179
RLG_AeriBYU132Cp_Ava_chr4C-383502_TSD	3.08	0.0217366187905811	-0.0174603906989306
RLG_AeriBYU132Cp_Ava_chr4C-384031_TSD	3.105	0.02347952091259	-0.0173316276899648
RLG_AeriBYU132Cp_Ava_chr4C-384469_TSD	2.63	0.023068161320723	-0.0158311038280112
RLG_AeriBYU132Cp_Ava_chr4C-386812_TSD	2.809	0.0196611501711495	-0.0148368226664122
RLG_AeriBYU132Cp_Ava_chr4C-393845_TSD	2.614	0.0210427612813172	-0.0142562654983657
RLG_AeriBYU132Cp_Ava_chr4C-395049_TSD	2.137	0.0200850735959066	-0.0161395450130696
RLG_AeriBYU132Cp_Ava_chr5C-310626_TSD	2.848	0.021370285965604	-0.0141485245109893
RLG_AeriBYU132Cp_Ava_chr5C-360524_TSD	2.277	0.0209512216214376	-0.0109822835929403
RLG_AeriBYU132Cp_Ava_chr5C-360797_TSD	3.417	0.0174002574093112	-0.0161466081074272
RLG_AeriBYU132Cp_Ava_chr6C-106279_TSD	1.919	0.0242287539225495	-0.00805885080420016
RLG_AeriBYU132Cp_Ava_chr6C-181789_TSD	2.818	0.0184321011575685	-0.0168984041636326
RLG_AeriBYU132Cp_Ava_chr6C-186461_TSD	3.345	0.0188229880339125	-0.0165688697528526
RLG_AeriBYU132Cp_Ava_chr7C-069340_TSD	3.923	0.0173985343453677	-0.0142024916085359
RLG_AeriBYU132Cp_Ava_chr7C-140789_TSD	2.025	0.0207527805386893	-0.0155303081497701
RLG_AinsBYU209_Ava_chr1C-172635_TSD	3.087	0.023296538208498	-0.00956494265754205
RLG_AinsBYU209_Ava_chr1C-174571_TSD	2.084	0.01943151543894	-0.0151797358258273
RLG_AinsBYU209_Ava_chr1C-183669_TSD	2.08	0.0253002450138179	-0.0114406128406046
RLG_AinsBYU209_Ava_chr1C-183708_TSD	2.061	0.0184626625930111	-0.0160666265723789
RLG_AinsBYU209_Ava_chr1C-184330_TSD	3.298	0.0182925541945053	-0.015253415866094
RLG_AinsBYU209_Ava_chr1C-184492_TSD	2.56	0.0217669060601775	-0.0133430535369364
RLG_AinsBYU209_Ava_chr1C-188675_TSD	2.695	0.0219090184955088	-0.0144631792933674
RLG_AinsBYU209_Ava_chr1C-200520_TSD	2.86	0.0259404012819782	-0.0102141197618221
RLG_AinsBYU209_Ava_chr1C-211087_TSD	1.996	0.0223712573650929	-0.0125059118272544
RLG_AinsBYU209_Ava_chr1C-215141_TSD	3.073	0.0237425385758249	-0.00772571843888897
RLG_AinsBYU209_Ava_chr2C-201248_TSD	2.646	0.0256615731000774	-0.00965548612603114
RLG_AinsBYU209_Ava_chr2C-201767_TSD	2.119	0.0234277612104191	-0.0137352490381836
RLG_AinsBYU209_Ava_chr2C-204732_TSD	2.533	0.0233888960027523	-0.0110317367113213
RLG_AinsBYU209_Ava_chr2C-232269_TSD	2.951	0.0238849425145551	-0.00928214106319205
RLG_AinsBYU209_Ava_chr2C-379950_TSD	1.805	0.0192826070785718	-0.0170006688744189
RLG_AinsBYU209_Ava_chr3C-019631_TSD	1.136	0.0201134484980287	-0.0144527645905236
RLG_AinsBYU209_Ava_chr3C-246708_TSD	2.532	0.0238994315760251	-0.0102482482570366
RLG_AinsBYU209_Ava_chr3C-277541_TSD	1.109	0.0193003275464117	-0.0111360560864766
RLG_AinsBYU209_Ava_chr3C-277549_TSD	2.435	0.0202372507124419	-0.01207187456489
RLG_AinsBYU209_Ava_chr3C-284155_TSD	2.435	0.0217605366496824	-0.0126170606572822
RLG_AinsBYU209_Ava_chr3C-285232_TSD	2.04	0.0221699622758728	-0.0123067077826963
RLG_AinsBYU209_Ava_chr3C-479762_TSD	1.874	0.0235037257066125	-0.00998678373630531
RLG_AinsBYU209_Ava_chr4C-319230_TSD	2.855	0.026709872569361	-0.00824321248533914
RLG_AinsBYU209_Ava_chr4C-326134_TSD	2.396	0.0250545733927498	-0.0100327835212501
RLG_AinsBYU209_Ava_chr4C-330252_TSD	2.778	0.0253424800902039	-0.00919784832731397
RLG_AinsBYU209_Ava_chr4C-333756_TSD	1.806	0.0260038847904155	-0.00789918181942992
RLG_AinsBYU209_Ava_chr4C-334652_TSD	2.312	0.024600624630755	-0.00927980699367288
RLG_AinsBYU209_Ava_chr4C-391435_TSD	2.451	0.0236861869766082	-0.0127792784576027
RLG_AinsBYU209_Ava_chr5C-188451_TSD	2.204	0.0256329871147594	-0.00983937410136566
RLG_AinsBYU209_Ava_chr5C-214934_TSD	3.078	0.0230171996927004	-0.0110430939403268
RLG_AinsBYU209_Ava_chr5C-218338_TSD	2.682	0.0186917325119558	-0.0145571603554539
RLG_AinsBYU209_Ava_chr5C-220250_TSD	2.581	0.0228946250018601	-0.00840092799851746
RLG_AinsBYU209_Ava_chr5C-226404_TSD	3.465	0.0220406394121692	-0.0161410123176081
RLG_AinsBYU209_Ava_chr5C-227785_TSD	3.095	0.0201396787679752	-0.0158667230956129
RLG_AinsBYU209_Ava_chr5C-228334_TSD	2.369	0.0247911453136225	-0.00879311246130728
RLG_AinsBYU209_Ava_chr5C-228706_TSD	2.214	0.0202183078214038	-0.0144617717471975
RLG_AinsBYU209_Ava_chr6C-255477_TSD	2.289	0.022713896578169	-0.00815859808680238
RLG_AinsBYU209_Ava_chr6C-289022_TSD	2.061	0.0232979859408121	-0.0110924716731508
RLG_AinsBYU209_Ava_chr6C-323982_TSD	1.934	0.0209123500781516	-0.0132404396131296
RLG_AinsBYU209_Ava_chr6C-326167_TSD	2.607	0.0223796425855861	-0.0129051879231464
RLG_AinsBYU209_Ava_chr6C-327704_TSD	3.232	0.0239951376351064	-0.00750525828779261
RLG_AinsBYU209_Ava_chr6C-328543_TSD	3.132	0.0255584975448774	-0.0115397149710958
RLG_AinsBYU209_Ava_chr6C-339990_TSD	2.956	0.0211863079101562	-0.011517017457207
RLG_AinsBYU209_Ava_chr6C-346709_TSD	2.094	0.0227437419415986	-0.0112167035924955
RLG_AinsBYU209_Ava_chr6C-348668_TSD	2.089	0.0221904207912512	-0.0103712611966159
RLG_AinsBYU209_Ava_chr6C-349320_TSD	2.238	0.0232277310171364	-0.0116547504688597
RLG_AinsBYU209_Ava_chr6C-350819_TSD	2.563	0.0181130216703659	-0.015586709463772
RLG_AinsBYU209_Ava_chr6C-350900_TSD	2.225	0.0223625193903198	-0.0102984772325117
RLG_AinsBYU209_Ava_chr6C-351165_TSD	1.813	0.018433315369724	-0.013807263993384
RLG_AinsBYU209_Ava_chr6C-353954_TSD	2.003	0.0196416286033427	-0.014804254109488
RLG_AinsBYU209_Ava_chr6C-353966_TSD	2.365	0.0236649811979726	-0.0107156334353829
RLG_AinsBYU209_Ava_chr6C-354306_TSD	2.924	0.0251454425381101	-0.00910508495925777
RLG_AinsBYU209_Ava_chr6C-355656_TSD	2.571	0.0224461138479391	-0.00886489158761425
RLG_AinsBYU209_Ava_chr6C-363964_TSD	2.314	0.0202873615575235	-0.0129917139735116
RLG_AinsBYU209_Ava_chr6C-376925_TSD	2.355	0.0255126538959111	-0.00870947016110405
RLG_AinsBYU209_Ava_chr7C-281623_TSD	2.74	0.0268148270959447	-0.00787099835593229
RLG_AinsBYU209_Ava_chr7C-290413_TSD	2.406	0.021585139703515	-0.0135315027793158
RLG_AinsBYU209_Ava_chr7C-304555_TSD	2.43	0.024184195802792	-0.0125863475082201
RLG_AinsBYU209_Ava_chr7C-306406_TSD	1.602	0.0220774036390206	-0.0106090160971619
RLG_AinsBYU209_Ava_chr7C-306505_TSD	1.754	0.0203523074700122	-0.0139254003827082
RLG_AsatOT3098_Ava_chr1C-223127_TSD	3.261	0.0242945059991911	-0.0088816723660393
RLG_AsatOT3098_Ava_chr1C-225536_TSD	2.234	0.0196463313468606	-0.0156945353792755
RLG_AsatOT3098_Ava_chr1C-232542_TSD	3.016	0.0208921615749886	-0.0094056501274716
RLG_AsatOT3098_Ava_chr1C-235432_TSD	3.751	0.0184325856997009	-0.013579920886167
RLG_AsatOT3098_Ava_chr1C-237340_TSD	2.247	0.0259567166998423	-0.0105916320821027
RLG_AsatOT3098_Ava_chr1C-237378_TSD	2.187	0.0191903719960837	-0.0155906431387815
RLG_AsatOT3098_Ava_chr1C-238037_TSD	2.773	0.017338639790413	-0.0144380117194047
RLG_AsatOT3098_Ava_chr1C-238208_TSD	2.329	0.0218319968990305	-0.0127258955450608
RLG_AsatOT3098_Ava_chr1C-241128_TSD	2.435	0.0211689181058631	-0.0143747137265
RLG_AsatOT3098_Ava_chr1C-258676_TSD	2.695	0.0261497032719906	-0.00961508229227311
RLG_AsatOT3098_Ava_chr1C-271401_TSD	1.954	0.0226709160139094	-0.0122259589802676
RLG_AsatOT3098_Ava_chr1C-426485_TSD	2.42	0.0190037491298628	-0.0160143702135355
RLG_AsatOT3098_Ava_chr2C-228253_TSD	2.684	0.025634250029985	-0.00977732818937578
RLG_AsatOT3098_Ava_chr2C-229066_TSD	2.976	0.018582787675005	-0.0139494749473052
RLG_AsatOT3098_Ava_chr2C-229546_TSD	2.429	0.0254245465977473	-0.0112302765569724
RLG_AsatOT3098_Ava_chr2C-229809_TSD	2.194	0.0238262516740583	-0.013420309836581
RLG_AsatOT3098_Ava_chr2C-234302_TSD	2.865	0.0233815784827495	-0.0112814313886964
RLG_AsatOT3098_Ava_chr2C-324561_TSD	3.206	0.0195913587442085	-0.0171537996820583
RLG_AsatOT3098_Ava_chr2C-429595_TSD	2.13	0.018968690292507	-0.0173345566609486
RLG_AsatOT3098_Ava_chr3C-015352_TSD	1.45	0.0207352072275036	-0.0142075016620478
RLG_AsatOT3098_Ava_chr3C-236491_TSD	2.322	0.0198698677858724	-0.012806631899749
RLG_AsatOT3098_Ava_chr3C-244476_TSD	2.477	0.0218053123546613	-0.0128837169907351
RLG_AsatOT3098_Ava_chr4C-351294_TSD	2.478	0.0253001651012113	-0.00928405107700232
RLG_AsatOT3098_Ava_chr4C-355833_TSD	2.657	0.0250444456858116	-0.00934392571250657
RLG_AsatOT3098_Ava_chr4C-360560_TSD	1.969	0.025830466357418	-0.00839314716162954
RLG_AsatOT3098_Ava_chr4C-362547_TSD	2.383	0.0249948729678002	-0.00945081025849349
RLG_AsatOT3098_Ava_chr4C-363234_TSD	2.823	0.0241230277921594	-0.011018556743894
RLG_AsatOT3098_Ava_chr4C-364292_TSD	2.294	0.0183509866126332	-0.015209665477816
RLG_AsatOT3098_Ava_chr4C-385545_TSD	2.132	0.0231673921644682	-0.0119274174950418
RLG_AsatOT3098_Ava_chr5C-057001_TSD	1.961	0.0235775372083009	-0.0100673203958039
RLG_AsatOT3098_Ava_chr5C-195876_TSD	2.245	0.0255866639389296	-0.0102706162978059
RLG_AsatOT3098_Ava_chr5C-222986_TSD	3.083	0.0227414553863423	-0.0116983303111198
RLG_AsatOT3098_Ava_chr5C-226233_TSD	2.756	0.0193903777986134	-0.0148971127876675
RLG_AsatOT3098_Ava_chr5C-228377_TSD	2.301	0.0230978900015977	-0.00797379634416117
RLG_AsatOT3098_Ava_chr5C-234819_TSD	2.364	0.022023618781865	-0.0131027534294735
RLG_AsatOT3098_Ava_chr5C-234905_TSD	3.406	0.021902061792734	-0.0158184125349751
RLG_AsatOT3098_Ava_chr5C-236367_TSD	3.391	0.0205092390462139	-0.0159687114162814
RLG_AsatOT3098_Ava_chr5C-236875_TSD	2.66	0.0247443793048826	-0.0089985835426877
RLG_AsatOT3098_Ava_chr5C-237245_TSD	2.098	0.0192232918779412	-0.0148938008732974
RLG_AsatOT3098_Ava_chr6C-324396_TSD	2.432	0.0225945312400245	-0.0103032270969267
RLG_AsatOT3098_Ava_chr6C-373540_TSD	1.934	0.0218764422613304	-0.0127559501967791
RLG_AsatOT3098_Ava_chr6C-374542_TSD	2.169	0.0183785631720638	-0.0174285359905563
RLG_AsatOT3098_Ava_chr6C-374552_TSD	2.931	0.0193729300351446	-0.017135921732971
RLG_AsatOT3098_Ava_chr6C-375277_TSD	2.424	0.021807544931093	-0.0110886631178958
RLG_AsatOT3098_Ava_chr6C-375702_TSD	2.555	0.0187596726071092	-0.0174961159153735
RLG_AsatOT3098_Ava_chr6C-376802_TSD	2.895	0.023830438220538	-0.00732421234900486
RLG_AsatOT3098_Ava_chr6C-377814_TSD	2.515	0.0224385832070391	-0.0107889315750457
RLG_AsatOT3098_Ava_chr6C-377877_TSD	3.18	0.0261661434980508	-0.0115505434959822
RLG_AsatOT3098_Ava_chr6C-395192_TSD	2.088	0.0222001043348125	-0.0111934258629546
RLG_AsatOT3098_Ava_chr6C-397328_TSD	2.054	0.0234846954230969	-0.0122649248689523
RLG_AsatOT3098_Ava_chr6C-398516_TSD	2.2	0.0235822073756809	-0.0115484356326883
RLG_AsatOT3098_Ava_chr6C-400174_TSD	2.273	0.0190756355089615	-0.015998027420316
RLG_AsatOT3098_Ava_chr6C-400259_TSD	2.353	0.0222834301409624	-0.00987642762518926
RLG_AsatOT3098_Ava_chr6C-400535_TSD	1.905	0.0175033393267859	-0.012820016344872
RLG_AsatOT3098_Ava_chr6C-403933_TSD	2.368	0.0199125761119808	-0.0153794747229414
RLG_AsatOT3098_Ava_chr6C-403955_TSD	2.407	0.0237325823374955	-0.011150774537811
RLG_AsatOT3098_Ava_chr6C-404248_TSD	2.752	0.0256376723810908	-0.0105848865482518
RLG_AsatOT3098_Ava_chr6C-405424_TSD	2.651	0.0223249444716503	-0.00834285231170328
RLG_AsatOT3098_Ava_chr6C-414221_TSD	2.191	0.0205074665936114	-0.0125763060486697
RLG_AsatOT3098_Ava_chr6C-444693_TSD	2.516	0.0253563358259212	-0.00851717398657351
RLG_AsatOT3098_Ava_chr7C-090484_TSD	2.327	0.0239810322288275	-0.0115424689229621
RLG_AsatOT3098_Ava_chr7C-322649_TSD	2.788	0.0273537168666912	-0.00783198140337351
RLG_AsatOT3098_Ava_chr7C-330164_TSD	2.402	0.0218381236546569	-0.0132198672926089
RLG_AsatOT3098_Ava_chr7C-349391_TSD	2.679	0.0245569296858131	-0.0129352953608276
RLG_AsatOT3098_Ava_chr7C-351215_TSD	1.689	0.0221617344909899	-0.0103648154722776
RLG_AsatOT3098_Ava_chr7C-351758_TSD	1.838	0.0205267711776053	-0.0139095631045219
