RLG_AatlCC7277As_Ava_chr1A-208695_TSD	2.298	-0.0805424306278426	0.0610682934397429
RLG_AatlCC7277As_Ava_chr1A-228148_TSD	2.323	-0.0738663884371981	0.0549945634530057
RLG_AatlCC7277As_Ava_chr1A-250101_TSD	1.272	-0.0817034659962982	0.0588330457114116
RLG_AatlCC7277As_Ava_chr2A-110942_TSD	2.218	-0.0760560269476433	0.0519982482779559
RLG_AatlCC7277As_Ava_chr2A-214054_TSD	2.11	-0.0780163571571853	0.0554503204952584
RLG_AatlCC7277As_Ava_chr2A-417695_TSD	1.929	-0.0686449335233785	0.0509172351597869
RLG_AatlCC7277As_Ava_chr3A-342099_TSD	1.78	-0.0739021067265113	0.0443506951232407
RLG_AatlCC7277As_Ava_chr5A-269517_TSD	1.83	-0.0747516238142956	0.0470175025050136
RLG_AatlCC7277As_Ava_chr5A-269530_TSD	1.787	-0.0746522375390165	0.0474087658000917
RLG_AatlCC7277As_Ava_chr5A-273134_TSD	2.282	-0.0752010145874185	0.0514856597720999
RLG_AatlCC7277As_Ava_chr5A-274023_TSD	1.786	-0.067984957223739	0.0406652983271403
RLG_AatlCC7277As_Ava_chr5A-275299_TSD	1.704	-0.0742704703190384	0.0480718959350296
RLG_AatlCC7277As_Ava_chr5A-282964_TSD	2.072	-0.0774150486023084	0.0546783275537368
RLG_AatlCC7277As_Ava_chr5A-293915_TSD	1.909	-0.0727273744116415	0.0455884583820631
RLG_AatlCC7277As_Ava_chr6A-107178_TSD	2.165	-0.0780739486269117	0.0548645320428365
RLG_AatlCC7277As_Ava_chr6A-111710_TSD	2.025	-0.0783695417360911	0.0508770674452124
RLG_AatlCC7277As_Ava_chr6A-330358_TSD	1.784	-0.0730569546667828	0.0508395500166563
RLG_AatlCC7277As_Ava_chr7A-092979_TSD	1.312	-0.0744473722372896	0.0507802828659266
RLG_AatlCC7277As_Ava_chr7A-185252_TSD	1.787	-0.081516679339496	0.0573062486382603
RLG_AatlCC7277As_Ava_chr7A-263978_TSD	1.132	-0.0646319578177686	0.0397821231684279
RLG_AatlCC7277As_Ava_chr7A-298736_TSD	1.648	-0.0671243886605033	0.0370004662712472
RLG_AatlCC7277As_Ava_chr7A-300010_TSD	1.4	-0.0698058389383811	0.0397952041901322
RLG_AinsBYU209_Ava_chr1D-165297_TSD	2.039	-0.0829975308585236	0.0600679728560233
RLG_AinsBYU209_Ava_chr2D-172993_TSD	2.046	-0.0786754669346829	0.0539611277376788
RLG_AinsBYU209_Ava_chr2D-175975_TSD	1.895	-0.0760393286213642	0.0513670256201316
RLG_AinsBYU209_Ava_chr2D-358893_TSD	1.346	-0.0686846433998433	0.0499080864896604
RLG_AinsBYU209_Ava_chr3D-197363_TSD	1.733	-0.0751543563052778	0.0522384931144927
RLG_AinsBYU209_Ava_chr4D-151943_TSD	2.322	-0.0774467480639307	0.0546829862447782
RLG_AinsBYU209_Ava_chr4D-161632_TSD	1.702	-0.0740687399115766	0.0523329325547609
RLG_AinsBYU209_Ava_chr4D-335637_TSD	1.861	-0.0729090298196907	0.0482430428921126
RLG_AinsBYU209_Ava_chr5D-167771_TSD	1.371	-0.073343769921134	0.0495763809514122
RLG_AinsBYU209_Ava_chr5D-169288_TSD	1.817	-0.0706429872738146	0.0401503008049131
RLG_AinsBYU209_Ava_chr5D-170118_TSD	2.196	-0.0769092339045384	0.0534689980781724
RLG_AinsBYU209_Ava_chr5D-171630_TSD	1.608	-0.0760817693756124	0.0476748025497638
RLG_AinsBYU209_Ava_chr5D-172608_TSD	1.252	-0.0757204930306984	0.0463503140906808
RLG_AinsBYU209_Ava_chr5D-183504_TSD	1.931	-0.077463209418404	0.0566291957085441
RLG_AinsBYU209_Ava_chr6D-073181_TSD	2.399	-0.0696170450539512	0.0535965954049282
RLG_AinsBYU209_Ava_chr6D-148949_TSD	1.911	-0.0666847506874403	0.0457346244387804
RLG_AinsBYU209_Ava_chr6D-243818_TSD	1.016	-0.070947763667998	0.0419935457393998
RLG_AinsBYU209_Ava_chr6D-324236_TSD	0.606	-0.0673892317141454	0.0414620259941964
RLG_AinsBYU209_Ava_chr6D-353691_TSD	1.663	-0.0734721256843076	0.0448655197453089
RLG_AinsBYU209_Ava_chr7D-031957_TSD	1.167	-0.0730723623366055	0.0503742074769631
RLG_AinsBYU209_Ava_chr7D-066260_TSD	1.371	-0.0680362084756892	0.0426309336444687
RLG_AinsBYU209_Ava_chr7D-076565_TSD	1.243	-0.0745673426284926	0.0520164359296973
RLG_AinsBYU209_Ava_chr7D-153661_TSD	1.514	-0.0804130177092846	0.0590045248888
RLG_AinsBYU209_Ava_chr7D-249747_TSD	1.333	-0.0673843620244301	0.0378709554966532
RLG_AinsBYU209_Ava_chr7D-258918_TSD	2.33	-0.0700813716342841	0.0479671087295083
RLG_AinsBYU209_Ava_chr7D-300141_TSD	1.316	-0.067340213790108	0.0404980322093877
RLG_AinsBYU209_Ava_chr7D-438664_TSD	1.479	-0.0679055777219451	0.0383461963828034
RLG_AinsBYU209_Ava_chr7D-448685_TSD	1.483	-0.070852141752417	0.0395658135960931
RLG_AlonCN58138Al_Ava_chr1A-212190_TSD	2.038	-0.0799550314862881	0.0619039631397375
RLG_AlonCN58138Al_Ava_chr1A-253001_TSD	1.571	-0.0833957064078489	0.0607347887433231
RLG_AlonCN58138Al_Ava_chr2A-191465_TSD	1.832	-0.078183610447336	0.0550599784474896
RLG_AlonCN58138Al_Ava_chr3A-132636_TSD	1.537	-0.077527589781662	0.0554305482064605
RLG_AlonCN58138Al_Ava_chr3A-413411_TSD	1.819	-0.073663394484464	0.0459648699740075
RLG_AlonCN58138Al_Ava_chr4A-415744_TSD	1.605	-0.0707895826066615	0.0384184874611807
RLG_AlonCN58138Al_Ava_chr5A-289564_TSD	1.322	-0.0735485490170819	0.0471296969108751
RLG_AlonCN58138Al_Ava_chr5A-292061_TSD	1.94	-0.0773947959757089	0.0538182804740828
RLG_AlonCN58138Al_Ava_chr5A-297408_TSD	1.312	-0.071584571530695	0.0429720432121574
RLG_AlonCN58138Al_Ava_chr6A-192968_TSD	1.991	-0.0756893992665381	0.049839316938257
RLG_AlonCN58138Al_Ava_chr6A-228167_TSD	1.74	-0.0699285475967597	0.0436130507500849
RLG_AlonCN58138Al_Ava_chr7A-314957_TSD	1.375	-0.06811540885329	0.0382504181972626
RLG_AlonCN58138Al_Ava_chr7A-370741_TSD	1.687	-0.0695648633622524	0.0416368759302673
RLG_AsatOT3098_Ava_chr1D-171968_TSD	2.169	-0.082930661478518	0.0610923177259539
RLG_AsatOT3098_Ava_chr2D-146034_TSD	1.401	-0.0696132382847326	0.0513432130663584
RLG_AsatOT3098_Ava_chr2D-362953_TSD	2.215	-0.0795561881006992	0.0536540607504944
RLG_AsatOT3098_Ava_chr2D-365970_TSD	1.894	-0.0756717305260772	0.0509927014321287
RLG_AsatOT3098_Ava_chr3A-034019_TSD	1.486	-0.0706007166005061	0.0459263701540028
RLG_AsatOT3098_Ava_chr3A-112726_TSD	1.309	-0.0759944352210436	0.0557275179632401
RLG_AsatOT3098_Ava_chr3A-320550_TSD	1.532	-0.0726949465754141	0.0474113909041746
RLG_AsatOT3098_Ava_chr3D-199314_TSD	1.604	-0.0746401049592096	0.0524268435582796
RLG_AsatOT3098_Ava_chr3D-328759_TSD	1.517	-0.0725883184728056	0.0456189423891439
RLG_AsatOT3098_Ava_chr3D-379542_TSD	1.243	-0.0749882744991626	0.0518904028193496
RLG_AsatOT3098_Ava_chr4A-128138_TSD	1.372	-0.0740394968516661	0.048593717117881
RLG_AsatOT3098_Ava_chr4A-278325_TSD	1.576	-0.0739430142453592	0.0534131344598043
RLG_AsatOT3098_Ava_chr4D-160200_TSD	1.829	-0.0754654767071014	0.0533711355525091
RLG_AsatOT3098_Ava_chr5A-097613_TSD	1.935	-0.0754757225973746	0.053264021749643
RLG_AsatOT3098_Ava_chr5A-206910_TSD	1.217	-0.0748037843919268	0.0475011825262414
RLG_AsatOT3098_Ava_chr5A-211740_TSD	1.781	-0.068810469845872	0.0384959232501461
RLG_AsatOT3098_Ava_chr5A-224196_TSD	1.096	-0.0762625710410896	0.0489747657177321
RLG_AsatOT3098_Ava_chr5A-238025_TSD	1.542	-0.0752490041375311	0.0473013279802974
RLG_AsatOT3098_Ava_chr5D-175231_TSD	1.707	-0.0734696923843689	0.0491960919753285
RLG_AsatOT3098_Ava_chr5D-176656_TSD	1.689	-0.0706284294331682	0.0398337828521824
RLG_AsatOT3098_Ava_chr5D-177478_TSD	2.243	-0.0773426415924942	0.0538398654413575
RLG_AsatOT3098_Ava_chr5D-180376_TSD	1.604	-0.0759056514095577	0.047168086721278
RLG_AsatOT3098_Ava_chr5D-181416_TSD	1.249	-0.0756131357616649	0.0464318002763088
RLG_AsatOT3098_Ava_chr5D-195082_TSD	1.943	-0.0782063706746288	0.0554093179209023
RLG_AsatOT3098_Ava_chr6A-087353_TSD	2.027	-0.0661963607736447	0.0428594406873165
RLG_AsatOT3098_Ava_chr6A-143353_TSD	1.887	-0.0781295213625879	0.0522498682355976
RLG_AsatOT3098_Ava_chr6A-160809_TSD	1.862	-0.0696716523713897	0.0433677530170199
RLG_AsatOT3098_Ava_chr6D-125797_TSD	0.74	-0.070984004116249	0.0433317287554327
RLG_AsatOT3098_Ava_chr6D-206210_TSD	0.554	-0.0683886820747944	0.0435737514687753
RLG_AsatOT3098_Ava_chr6D-237293_TSD	1.834	-0.0745354199745566	0.0451340497567777
RLG_AsatOT3098_Ava_chr7A-178794_TSD	1.943	-0.0712873342639978	0.0472601221197992
RLG_AsatOT3098_Ava_chr7A-276898_TSD	1.322	-0.0638318526939246	0.0393817641739203
RLG_AsatOT3098_Ava_chr7A-320912_TSD	1.539	-0.0682417770981529	0.0369522007151625
RLG_AsatOT3098_Ava_chr7A-376552_TSD	1.134	-0.070077424690102	0.0428413703464809
RLG_AsatOT3098_Ava_chr7D-039439_TSD	1.176	-0.0690556895982475	0.0424067361641482
RLG_AsatOT3098_Ava_chr7D-049836_TSD	1.365	-0.0750847230138229	0.051957010238528
RLG_AsatOT3098_Ava_chr7D-049975_TSD	1.27	-0.075084915081433	0.0520461572960309
RLG_AsatOT3098_Ava_chr7D-050115_TSD	1.408	-0.0743632534344921	0.0512609275729234
RLG_AsatOT3098_Ava_chr7D-126240_TSD	1.604	-0.080368104461267	0.0584535120021678
RLG_AsatOT3098_Ava_chr7D-187323_TSD	1.445	-0.0662860036181549	0.0402957140968186
RLG_AsatOT3098_Ava_chr7D-223002_TSD	1.416	-0.0686976806610637	0.0384880567378796
RLG_AsatOT3098_Ava_chr7D-278657_TSD	1.156	-0.0677077577660833	0.0414463239619073
RLG_AsatOT3098_Ava_chr7D-433654_TSD	1.58	-0.0697251101031669	0.0391262497757933
