RLG_AatlCC7277As_Ava_chr1A-043050_TSD	0.447	-0.0172358963094763	0.0096500379202051
RLG_AatlCC7277As_Ava_chr1A-167515_TSD	0.564	-0.0163609605934301	0.00925015950706459
RLG_AatlCC7277As_Ava_chr1A-175746_TSD	0.766	-0.0149556793426499	0.0115924143278896
RLG_AatlCC7277As_Ava_chr1A-181045_TSD	0.448	-0.0189193225540724	0.00913933884073678
RLG_AatlCC7277As_Ava_chr1A-302920_TSD	0.297	-0.0178292350404306	0.0105539155171242
RLG_AatlCC7277As_Ava_chr1A-411466_TSD	0.302	-0.0177261067985308	0.00857149623345658
RLG_AatlCC7277As_Ava_chr2A-203817_TSD	0.542	-0.0178107644185	0.00946623881467511
RLG_AatlCC7277As_Ava_chr2A-206968_TSD	0.647	-0.0175498772383891	0.00904369710894376
RLG_AatlCC7277As_Ava_chr2A-244777_TSD	0.073	-0.0190310490071577	0.0132026935999101
RLG_AatlCC7277As_Ava_chr2A-349746_TSD	0.408	-0.0179824530827415	0.0116527712947804
RLG_AatlCC7277As_Ava_chr2A-357613_TSD	0.299	-0.0185538811570538	0.0120617632032015
RLG_AatlCC7277As_Ava_chr3A-012543_TSD	0.298	-0.018849058816389	0.0111816440667234
RLG_AatlCC7277As_Ava_chr3A-026715_TSD	0.296	-0.0192281554908892	0.0130248736815444
RLG_AatlCC7277As_Ava_chr3A-028851_TSD	0.372	-0.0182343627859698	0.00844016369292548
RLG_AatlCC7277As_Ava_chr3A-255222_TSD	0.598	-0.0181114910005504	0.00930825430013254
RLG_AatlCC7277As_Ava_chr3A-260268_TSD	0.599	-0.014403369900994	0.00981904403063075
RLG_AatlCC7277As_Ava_chr3A-272200_TSD	0.418	-0.0173515771932842	0.0109907248591249
RLG_AatlCC7277As_Ava_chr3A-316952_TSD	0.372	-0.0172229826725988	0.0103141816119743
RLG_AatlCC7277As_Ava_chr3A-469077_TSD	0.514	-0.0152932281788936	0.0085201109174229
RLG_AatlCC7277As_Ava_chr3A-500105_TSD	0.148	-0.0152152661244663	0.0118639163037135
RLG_AatlCC7277As_Ava_chr4A-162177_TSD	0.496	-0.0165087511431595	0.0109956611048675
RLG_AatlCC7277As_Ava_chr4A-264440_TSD	0.296	-0.0191531008567865	0.0119243031275737
RLG_AatlCC7277As_Ava_chr4A-365483_TSD	0.222	-0.0180693842969784	0.0112122452120525
RLG_AatlCC7277As_Ava_chr4A-445728_TSD	0.371	-0.0178310963799226	0.0123788292654184
RLG_AatlCC7277As_Ava_chr5A-025174_TSD	0.187	-0.0186560612655054	0.0116043154323797
RLG_AatlCC7277As_Ava_chr5A-100710_TSD	0.485	-0.0139978184163636	0.0111840935274136
RLG_AatlCC7277As_Ava_chr5A-174206_TSD	0.56	-0.0163952438963479	0.0113803138931902
RLG_AatlCC7277As_Ava_chr5A-216979_TSD	0.26	-0.0181868957955712	0.0111586122408985
RLG_AatlCC7277As_Ava_chr5A-255216_TSD	0.636	-0.0165048111720009	0.00911888794585326
RLG_AatlCC7277As_Ava_chr5A-279206_TSD	0.073	-0.018862182835673	0.0118603328067064
RLG_AatlCC7277As_Ava_chr5A-279338_TSD	0.853	-0.0162538038551715	0.0115353607389707
RLG_AatlCC7277As_Ava_chr5A-380865_TSD	0.783	-0.0164496058329061	0.0108672813326236
RLG_AatlCC7277As_Ava_chr6A-113156_TSD	0.522	-0.0148507007801769	0.00822234220477659
RLG_AatlCC7277As_Ava_chr6A-113664_TSD	0.56	-0.0171303836541716	0.00962792219694467
RLG_AatlCC7277As_Ava_chr6A-231071_TSD	0.389	-0.0158184749858845	0.00788862487728574
RLG_AatlCC7277As_Ava_chr6A-285296_TSD	0.485	-0.0171081914964366	0.0095621912995103
RLG_AatlCC7277As_Ava_chr6A-319277_TSD	0.297	-0.0180095103265777	0.0102814988248982
RLG_AatlCC7277As_Ava_chr6A-327012_TSD	0.225	-0.0150438839565726	0.00850867661102135
RLG_AatlCC7277As_Ava_chr7A-137695_TSD	0.41	-0.0171684558058605	0.0133158279882487
RLG_AatlCC7277As_Ava_chr7A-219633_TSD	0.446	-0.0156227710006077	0.00957454750467881
RLG_AatlCC7277As_Ava_chr7A-287550_TSD	0.377	-0.0179374140187996	0.00950039766164827
RLG_AatlCC7277As_Ava_chr7A-307192_TSD	0.638	-0.0179877799677685	0.0125042484763823
RLG_AatlCC7277As_Ava_chr7A-431303_TSD	0.561	-0.017126348291762	0.00945037408011543
RLG_AlonCN58138Al_Ava_chr1A-009284_TSD	0.65	-0.0182349482960091	0.00955649397869876
RLG_AlonCN58138Al_Ava_chr1A-236123_TSD	0.598	-0.0185813328806969	0.011400775761267
RLG_AlonCN58138Al_Ava_chr1A-240976_TSD	0.372	-0.0174323769411329	0.010270120585082
RLG_AlonCN58138Al_Ava_chr1A-384087_TSD	0.558	-0.0176911187687881	0.0108134563124908
RLG_AlonCN58138Al_Ava_chr2A-105123_TSD	0.544	-0.018372928473175	0.0101788242468643
RLG_AlonCN58138Al_Ava_chr2A-297950_TSD	0.825	-0.0152007049569902	0.00873235864720246
RLG_AlonCN58138Al_Ava_chr2A-299998_TSD	1.438	-0.0153650268826764	0.0121186049530841
RLG_AlonCN58138Al_Ava_chr3A-261029_TSD	0.496	-0.015384741431518	0.00873869641158765
RLG_AlonCN58138Al_Ava_chr3A-264784_TSD	0.447	-0.0196716478775299	0.0131952141809063
RLG_AlonCN58138Al_Ava_chr3A-267783_TSD	0.526	-0.0173361833320428	0.00888022819642079
RLG_AlonCN58138Al_Ava_chr3A-268457_TSD	0.269	-0.0180719963632872	0.0093464197252682
RLG_AlonCN58138Al_Ava_chr3A-268662_TSD	0.889	-0.0157394468038474	0.00868783665981413
RLG_AlonCN58138Al_Ava_chr3A-362845_TSD	0.817	-0.0168536612785546	0.0092024151556748
RLG_AlonCN58138Al_Ava_chr4A-139077_TSD	0.882	-0.0175714245591576	0.0101948663906849
RLG_AlonCN58138Al_Ava_chr4A-151559_TSD	0.41	-0.0173460779986551	0.0108294504411827
RLG_AlonCN58138Al_Ava_chr4A-160041_TSD	0.999	-0.0188607944336197	0.010652901624968
RLG_AlonCN58138Al_Ava_chr4A-163644_TSD	0.297	-0.018618800378919	0.0132721784298366
RLG_AlonCN58138Al_Ava_chr4A-165385_TSD	0.794	-0.0188706057878272	0.0125523401797165
RLG_AlonCN58138Al_Ava_chr4A-167175_TSD	0.636	-0.0177528722310528	0.00957275294263996
RLG_AlonCN58138Al_Ava_chr4A-167404_TSD	0.687	-0.0178785768122826	0.0102038285024611
RLG_AlonCN58138Al_Ava_chr5A-080523_TSD	0.485	-0.0187757733510237	0.0120164954447404
RLG_AlonCN58138Al_Ava_chr6A-202066_TSD	0.651	-0.0168980698712293	0.0134822506523706
RLG_AlonCN58138Al_Ava_chr6A-203372_TSD	0.449	-0.0166326380562839	0.0101430900955625
RLG_AlonCN58138Al_Ava_chr6A-204828_TSD	0.415	-0.0175610026405594	0.00946696446736502
RLG_AlonCN58138Al_Ava_chr6A-205906_TSD	0.76	-0.0156062608990649	0.00797479370233046
RLG_AlonCN58138Al_Ava_chr6A-206447_TSD	0.561	-0.0176057373692977	0.00986154022935375
RLG_AlonCN58138Al_Ava_chr7A-032524_TSD	0.261	-0.0192632355242195	0.011513997928541
RLG_AsatOT3098_Ava_chr1A-013895_TSD	0.304	-0.0186978397095567	0.00872487231961917
RLG_AsatOT3098_Ava_chr1A-154114_TSD	0.185	-0.0170208778586278	0.00982126824796734
RLG_AsatOT3098_Ava_chr1A-155745_TSD	0.247	-0.016226692468201	0.00895358567401302
RLG_AsatOT3098_Ava_chr1A-157406_TSD	0.318	-0.0156322691723595	0.00888783824666633
RLG_AsatOT3098_Ava_chr2A-070354_TSD	0.292	-0.0159345435458433	0.0084101320184256
RLG_AsatOT3098_Ava_chr2A-153868_TSD	0.179	-0.016143410232685	0.00986596803610995
RLG_AsatOT3098_Ava_chr2A-154228_TSD	0.318	-0.0169604566232561	0.00844043019465188
RLG_AsatOT3098_Ava_chr2A-154633_TSD	0.341	-0.0172591884516542	0.0108171635129119
RLG_AsatOT3098_Ava_chr2A-154895_TSD	0.418	-0.0164751732035266	0.0102574164209997
RLG_AsatOT3098_Ava_chr2A-154997_TSD	0.398	-0.0155476035640744	0.00888993369733872
RLG_AsatOT3098_Ava_chr2A-157542_TSD	0.447	-0.0167076739964358	0.00956871527818212
RLG_AsatOT3098_Ava_chr3A-027930_TSD	0.223	-0.0172859392638423	0.00872410156886834
RLG_AsatOT3098_Ava_chr3A-211109_TSD	0.609	-0.0175747517375668	0.00849083882348711
RLG_AsatOT3098_Ava_chr3A-238570_TSD	0.389	-0.0164373560208107	0.0088920056940093
RLG_AsatOT3098_Ava_chr3A-242534_TSD	0.506	-0.0176847498408806	0.00830665733960155
RLG_AsatOT3098_Ava_chr3A-380568_TSD	0.377	-0.0175981647284256	0.00897300015934485
RLG_AsatOT3098_Ava_chr4A-068621_TSD	0.389	-0.0167594130304841	0.0103787275779576
RLG_AsatOT3098_Ava_chr4A-112261_TSD	0.233	-0.0180127045493752	0.0115526104864053
RLG_AsatOT3098_Ava_chr4A-118584_TSD	0.353	-0.0161911433511693	0.0104450156808033
RLG_AsatOT3098_Ava_chr4A-121721_TSD	0.372	-0.0179662883320994	0.0112437226515426
RLG_AsatOT3098_Ava_chr4A-122353_TSD	0.222	-0.0164117717660399	0.0121611644553935
RLG_AsatOT3098_Ava_chr4A-123613_TSD	0.38	-0.0178037831200296	0.0108763675904701
RLG_AsatOT3098_Ava_chr4A-123875_TSD	0.398	-0.0164251668648754	0.00920240624888708
RLG_AsatOT3098_Ava_chr4A-125899_TSD	0.222	-0.017593738072851	0.0120059606791956
RLG_AsatOT3098_Ava_chr4A-135451_TSD	0.409	-0.0177536918004849	0.0113308499131082
RLG_AsatOT3098_Ava_chr4A-197070_TSD	0.346	-0.0179152496546729	0.0102640707754682
RLG_AsatOT3098_Ava_chr4A-404044_TSD	0.373	-0.0171059527461241	0.00879163374168531
RLG_AsatOT3098_Ava_chr5A-109107_TSD	0.573	-0.0154062975863804	0.0105829711886293
RLG_AsatOT3098_Ava_chr5A-195756_TSD	0.559	-0.0176324282147917	0.0116598729263094
RLG_AsatOT3098_Ava_chr5A-214072_TSD	0.466	-0.0167510703547585	0.0106067947647327
RLG_AsatOT3098_Ava_chr5A-214118_TSD	0.297	-0.0174248602601207	0.0108761943731808
RLG_AsatOT3098_Ava_chr5A-214152_TSD	0.564	-0.0185769687771341	0.0106493794277136
RLG_AsatOT3098_Ava_chr5A-214203_TSD	0.259	-0.0178797268940327	0.0112000307858097
RLG_AsatOT3098_Ava_chr5A-214446_TSD	0.573	-0.0196258588851728	0.0116383200023274
RLG_AsatOT3098_Ava_chr5A-214649_TSD	0.567	-0.0164345151070869	0.0109601128448612
RLG_AsatOT3098_Ava_chr5A-214989_TSD	0.189	-0.0186564657328548	0.0106497374124566
RLG_AsatOT3098_Ava_chr5A-215587_TSD	0.447	-0.0184825642674961	0.011177576020924
RLG_AsatOT3098_Ava_chr5A-215745_TSD	0.338	-0.0188237348792646	0.0124248468184495
RLG_AsatOT3098_Ava_chr5A-215758_TSD	0.373	-0.0174747276432446	0.0108282814462842
RLG_AsatOT3098_Ava_chr5A-216078_TSD	0.341	-0.0167609625906768	0.0111226666109654
RLG_AsatOT3098_Ava_chr5A-216116_TSD	0.224	-0.0191826207962952	0.0135171483854095
RLG_AsatOT3098_Ava_chr5A-216231_TSD	0.423	-0.016702894770514	0.0102299342737327
RLG_AsatOT3098_Ava_chr5A-216741_TSD	0.262	-0.0185146693832361	0.0117873810924584
RLG_AsatOT3098_Ava_chr5A-216762_TSD	0.297	-0.017981099843544	0.010395511479823
RLG_AsatOT3098_Ava_chr5A-216836_TSD	0.297	-0.0176730834753653	0.00823065606958798
RLG_AsatOT3098_Ava_chr5A-216846_TSD	0.483	-0.0170262087086905	0.0105894365038949
RLG_AsatOT3098_Ava_chr5A-216984_TSD	0.302	-0.0183329684652575	0.0106146919100119
RLG_AsatOT3098_Ava_chr5A-217261_TSD	0.263	-0.0177051001428278	0.0103653777174759
RLG_AsatOT3098_Ava_chr5A-217605_TSD	0.373	-0.0189564797580057	0.01086803796736
RLG_AsatOT3098_Ava_chr5A-218252_TSD	0.297	-0.0193946442032919	0.0114013497594301
RLG_AsatOT3098_Ava_chr5A-218683_TSD	0.531	-0.0167074951752687	0.0100153100682134
RLG_AsatOT3098_Ava_chr5A-218740_TSD	0.426	-0.015666220003407	0.00993706598839832
RLG_AsatOT3098_Ava_chr5A-218805_TSD	0.392	-0.0154100548173478	0.0107343483859489
RLG_AsatOT3098_Ava_chr5A-219411_TSD	0.574	-0.0181406883133862	0.0108089815721528
RLG_AsatOT3098_Ava_chr5A-219434_TSD	0.264	-0.0172126737226789	0.0102609577274672
RLG_AsatOT3098_Ava_chr5A-219489_TSD	0.372	-0.019263545777163	0.010830328181734
RLG_AsatOT3098_Ava_chr5A-219540_TSD	0.297	-0.0163802928497791	0.0101297583125819
RLG_AsatOT3098_Ava_chr5A-219759_TSD	0.26	-0.0201997773053098	0.0121380721283842
RLG_AsatOT3098_Ava_chr5A-219942_TSD	0.41	-0.0196633764428974	0.0122981528176011
RLG_AsatOT3098_Ava_chr5A-220318_TSD	0.339	-0.0197251379364949	0.0110219953253931
RLG_AsatOT3098_Ava_chr5A-220756_TSD	0.226	-0.0184464021627784	0.0108219856541508
RLG_AsatOT3098_Ava_chr5A-221460_TSD	0.486	-0.01706798757672	0.0111085405828353
RLG_AsatOT3098_Ava_chr5A-221638_TSD	0.317	-0.0159294262028924	0.00941927900122387
RLG_AsatOT3098_Ava_chr5A-221870_TSD	0.336	-0.018296524715577	0.0117866288758124
RLG_AsatOT3098_Ava_chr5A-221971_TSD	0.486	-0.0195572536486858	0.0115200727715411
RLG_AsatOT3098_Ava_chr5A-222195_TSD	0.455	-0.0185510162514037	0.0120223343488279
RLG_AsatOT3098_Ava_chr5A-222364_TSD	0.3	-0.0193450859377695	0.0124137526747271
RLG_AsatOT3098_Ava_chr5A-228566_TSD	0.335	-0.0199431516392636	0.0111278326808201
RLG_AsatOT3098_Ava_chr5A-365129_TSD	0.224	-0.0169212350720141	0.00954624768427011
RLG_AsatOT3098_Ava_chr5A-413955_TSD	0.246	-0.0162091440262206	0.00982325358638725
RLG_AsatOT3098_Ava_chr5A-413963_TSD	0.035	-0.0163406254428549	0.0112634017123531
RLG_AsatOT3098_Ava_chr6A-135246_TSD	0.373	-0.0178475020320661	0.0112795409916301
RLG_AsatOT3098_Ava_chr6A-135470_TSD	0.26	-0.0183757672464355	0.0106187261970904
RLG_AsatOT3098_Ava_chr6A-136995_TSD	0.194	-0.0188981178441202	0.0106385048050605
RLG_AsatOT3098_Ava_chr6A-138570_TSD	0.226	-0.0191224270002444	0.0107269776632572
RLG_AsatOT3098_Ava_chr6A-138598_TSD	0.222	-0.0199027271263738	0.0115993706244027
RLG_AsatOT3098_Ava_chr6A-141701_TSD	0.26	-0.0166138367199315	0.00851420406486479
RLG_AsatOT3098_Ava_chr7A-037215_TSD	0.637	-0.018076188332249	0.0120583890574519
RLG_AsatOT3098_Ava_chr7A-094477_TSD	0.409	-0.0166512903938153	0.00886760437932491
RLG_AsatOT3098_Ava_chr7A-307574_TSD	0.523	-0.0155724025396147	0.00860497282854556
RLG_AsatOT3098_Ava_chr7A-320861_TSD	0.537	-0.0168610741257355	0.00840181768534428
RLG_AsatOT3098_Ava_chr7A-322397_TSD	0.454	-0.0173570064498822	0.00823928483453602
RLG_AsatOT3098_Ava_chr7A-323355_TSD	0.282	-0.0155426219459496	0.0089448916571995
RLG_AsatOT3098_Ava_chr7A-323515_TSD	0.41	-0.0178711574500603	0.00848342206711691
RLG_AsatOT3098_Ava_chr7A-323997_TSD	0.283	-0.0154424446134718	0.00933649715153213
RLG_AsatOT3098_Ava_chr7A-327126_TSD	0.226	-0.0176880924531552	0.00855921200640885
RLG_AsatOT3098_Ava_chr7A-327136_TSD	0.287	-0.0157039330521747	0.00876086793996102
RLG_AsatOT3098_Ava_chr7A-327478_TSD	0.247	-0.0160095349995953	0.00857159092930927
RLG_AsatOT3098_Ava_chr7A-327934_TSD	0.294	-0.0147786474429561	0.00910707308569543
RLG_AsatOT3098_Ava_chr7A-328032_TSD	0.251	-0.014944168435956	0.0089333105163251
RLG_AsatOT3098_Ava_chr7A-328598_TSD	0.304	-0.0165989457197371	0.00826477039305063
RLG_AsatOT3098_Ava_chr7A-328949_TSD	0.148	-0.0174746184813937	0.00982109781585766
RLG_AsatOT3098_Ava_chr7A-329234_TSD	0.785	-0.0149811337872022	0.00883483664571861
RLG_AsatOT3098_Ava_chr7A-330007_TSD	0.638	-0.0166949770406175	0.0112528248136376
