EV1		EV2	EV3
RLG_AatlCC7277As_Ava_chr1A-173116_TSD	0.968	-0.0394567066956591	0.0155402727891774
RLG_AatlCC7277As_Ava_chr1A-186388_TSD	1.479	-0.0814354577637117	0.0142275458884553
RLG_AatlCC7277As_Ava_chr1A-225568_TSD	1.155	-0.0381346050763347	0.0103415414798064
RLG_AatlCC7277As_Ava_chr1A-230403_TSD	1.141	-0.0617157305516605	0.00773164787905095
RLG_AatlCC7277As_Ava_chr2A-064933_TSD	0.584	-0.05583086323219	0.0177075873622346
RLG_AatlCC7277As_Ava_chr2A-201134_TSD	0.792	-0.0640697354113777	0.00237042143361576
RLG_AatlCC7277As_Ava_chr2A-202828_TSD	0.809	-0.0821795075536286	-0.000572173637181618
RLG_AatlCC7277As_Ava_chr2A-203762_TSD	1.229	-0.048502761869399	0.014872123927291
RLG_AatlCC7277As_Ava_chr2A-207229_TSD	1.273	-0.0633808104397635	0.0146367080678714
RLG_AatlCC7277As_Ava_chr2A-214330_TSD	1.26	-0.0813071625695115	0.0051487331499001
RLG_AatlCC7277As_Ava_chr2A-262669_TSD	1.439	-0.0280828650361445	-0.020435388451181
RLG_AatlCC7277As_Ava_chr2A-275165_TSD	0.929	-0.0473504455811033	0.011054768091499
RLG_AatlCC7277As_Ava_chr2A-313009_TSD	0.689	-0.0477568941018259	0.000842068954515347
RLG_AatlCC7277As_Ava_chr2A-375940_TSD	0.767	-0.0299813696271223	-0.00870474847485854
RLG_AatlCC7277As_Ava_chr2A-466690_TSD	0.312	-0.0607028428167035	0.00259814416976186
RLG_AatlCC7277As_Ava_chr3A-148173_TSD	0.871	-0.0485306214007123	0.0133994653077825
RLG_AatlCC7277As_Ava_chr3A-271913_TSD	0.75	-0.0315580519212067	0.0175702398090344
RLG_AatlCC7277As_Ava_chr3A-331606_TSD	0.746	-0.0394274854542653	3.72894365608084e-05
RLG_AatlCC7277As_Ava_chr3A-383749_TSD	1.109	-0.0385295244539756	0.0124270965886403
RLG_AatlCC7277As_Ava_chr3A-484864_TSD	0.516	-0.0586901333710823	-0.0052287454072957
RLG_AatlCC7277As_Ava_chr4A-057341_TSD	0.749	-0.0566904444916104	0.019716362580344
RLG_AatlCC7277As_Ava_chr4A-204397_TSD	0.829	-0.0550451839176073	0.0204787111488476
RLG_AatlCC7277As_Ava_chr4A-208968_TSD	0.511	-0.0517278631820546	0.0166880273078268
RLG_AatlCC7277As_Ava_chr4A-383206_TSD	0.195	-0.0195695115745471	-0.0333283760406761
RLG_AatlCC7277As_Ava_chr4A-443840_TSD	1.161	-0.0484314973374333	0.00563211105154522
RLG_AatlCC7277As_Ava_chr5A-113680_TSD	0.878	-0.0716538690060039	0.00654131371286796
RLG_AatlCC7277As_Ava_chr5A-167434_TSD	1.123	-0.0245983260958991	0.0121165768438416
RLG_AatlCC7277As_Ava_chr5A-271209_TSD	1.129	-0.0436780646669735	-0.005804821558488
RLG_AatlCC7277As_Ava_chr5A-277449_TSD	0.941	-0.039064716513738	0.0123949846717519
RLG_AatlCC7277As_Ava_chr5A-277571_TSD	0.93	-0.0558262609862004	0.00139327179173433
RLG_AatlCC7277As_Ava_chr5A-277629_TSD	0.937	-0.0635059805509132	0.00676207956940509
RLG_AatlCC7277As_Ava_chr5A-297710_TSD	1.158	-0.0392972596385304	-0.017087334723976
RLG_AatlCC7277As_Ava_chr5A-300151_TSD	1.233	-0.0224000226787344	-0.0183434638248227
RLG_AatlCC7277As_Ava_chr5A-346871_TSD	0.973	-0.0242405482366954	-0.000480164714705873
RLG_AatlCC7277As_Ava_chr6A-053005_TSD	0.603	-0.041239579652866	0.00157684613890244
RLG_AatlCC7277As_Ava_chr6A-057625_TSD	1.269	-0.0481597737611188	0.0105512610513628
RLG_AatlCC7277As_Ava_chr6A-112898_TSD	0.792	-0.0025091146952808	-0.0033917391787972
RLG_AatlCC7277As_Ava_chr6A-114125_TSD	0.793	-0.039801477667193	-0.0234102866422395
RLG_AatlCC7277As_Ava_chr6A-114139_TSD	1.21	-0.0251725374813186	-0.0052187258327513
RLG_AatlCC7277As_Ava_chr6A-299361_TSD	0.63	-0.0395173754849757	0.0127121140624862
RLG_AatlCC7277As_Ava_chr7A-024890_TSD	0.725	-0.0481794670546631	-0.00614781500854873
RLG_AatlCC7277As_Ava_chr7A-180000_TSD	0.808	-0.0586015382042479	0.00892594461802171
RLG_AatlCC7277As_Ava_chr7A-233556_TSD	0.914	-0.0517772606815083	-0.0101835519940343
RLG_AatlCC7277As_Ava_chr7A-290599_TSD	0.48	-0.060820508324759	0.00878298763420119
RLG_AatlCC7277As_Ava_chr7A-301031_TSD	1.349	-0.0271794172209518	-0.0135546847855494
RLG_AatlCC7277As_Ava_chr7A-301309_TSD	1.035	-0.0261533981161989	-0.000487463481797545
RLG_AatlCC7277As_Ava_chr7A-302290_TSD	1.1	-0.0254744371661387	-0.0125693016799075
RLG_AatlCC7277As_Ava_chr7A-302571_TSD	0.884	-0.0512403956570528	0.00289747212354591
RLG_AatlCC7277As_Ava_chr7A-302944_TSD	0.811	-0.0206893234149904	-0.0331646870260079
RLG_AatlCC7277As_Ava_chr7A-305551_TSD	0.575	-0.0169868891265548	0.0106454579312938
RLG_AatlCC7277As_Ava_chr7A-473012_TSD	0.645	-0.0331977315200938	-0.00540489506330101
RLG_AatlCC7277As_Ava_chr7A-565836_TSD	0.777	-0.0381215708115619	0.00487741316220305
RLG_AinsBYU209_Ava_chr1D-125886_TSD	1.012	-0.0199386373469321	0.0063281546116254
RLG_AinsBYU209_Ava_chr1D-354371_TSD	0.462	-0.0469946121164839	0.00893609393773682
RLG_AinsBYU209_Ava_chr1D-435456_TSD	0.59	-0.0530316710070731	0.0130495380145588
RLG_AinsBYU209_Ava_chr2D-178213_TSD	2.254	0.000355546640412335	-0.00428625488647967
RLG_AinsBYU209_Ava_chr2D-178424_TSD	0.5	-0.0420158009308828	0.0146410707681946
RLG_AinsBYU209_Ava_chr2D-179611_TSD	1.353	-0.00302635652328391	-0.00860671200163913
RLG_AinsBYU209_Ava_chr2D-181407_TSD	0.55	-0.0396364318120385	0.00866121689342937
RLG_AinsBYU209_Ava_chr2D-182553_TSD	0.745	-0.013108612954458	0.0153251416928356
RLG_AinsBYU209_Ava_chr2D-187822_TSD	0.617	-0.0367064679678128	0.0048027596027535
RLG_AinsBYU209_Ava_chr2D-337350_TSD	0.671	-0.0238454514640148	0.0108717685270071
RLG_AinsBYU209_Ava_chr2D-369009_TSD	0.566	-0.00233740773564888	-0.00334232674978763
RLG_AinsBYU209_Ava_chr3D-052977_TSD	0.551	-0.037051318701962	-0.0115138805600615
RLG_AinsBYU209_Ava_chr3D-108413_TSD	0.36	-0.0317444940791841	-0.00497815454384113
RLG_AinsBYU209_Ava_chr3D-199305_TSD	0.524	-0.0142473458080589	-0.00619225876313036
RLG_AinsBYU209_Ava_chr3D-199530_TSD	0.807	-0.0469466720534882	0.0190963221868855
RLG_AinsBYU209_Ava_chr3D-200164_TSD	0.59	-0.0169798658575944	0.0122731225019298
RLG_AinsBYU209_Ava_chr3D-201269_TSD	0.59	-0.0131017796701757	0.0113720461449057
RLG_AinsBYU209_Ava_chr3D-201320_TSD	0.321	-0.0137071311558694	0.0109638323202204
RLG_AinsBYU209_Ava_chr3D-201664_TSD	0.396	-0.00961178113795628	0.0184618166937687
RLG_AinsBYU209_Ava_chr3D-201705_TSD	0.894	-0.0212720577042802	0.0171702876732037
RLG_AinsBYU209_Ava_chr3D-201808_TSD	0.847	-0.0293142508519456	0.00960839538199009
RLG_AinsBYU209_Ava_chr3D-203173_TSD	1.778	-0.0210517992419331	-0.024651276657091
RLG_AinsBYU209_Ava_chr3D-203181_TSD	2.312	-0.00583450916791178	-0.0108246786508423
RLG_AinsBYU209_Ava_chr3D-203687_TSD	0.586	-0.0168780321107181	0.0115416592814713
RLG_AinsBYU209_Ava_chr3D-203768_TSD	0.713	-0.0161579574540319	0.00888414845130301
RLG_AinsBYU209_Ava_chr3D-304393_TSD	0.787	-0.0424830044790993	0.0126753588770926
RLG_AinsBYU209_Ava_chr3D-309829_TSD	0.554	-0.015874703752867	0.00100879843839715
RLG_AinsBYU209_Ava_chr4D-091781_TSD	0.551	-0.0338041727574701	0.00724352954802922
RLG_AinsBYU209_Ava_chr4D-101575_TSD	0.589	-0.0718209745164046	0.00593255258577082
RLG_AinsBYU209_Ava_chr4D-150001_TSD	1.099	-0.0716581692360465	-0.0073037601680036
RLG_AinsBYU209_Ava_chr4D-154426_TSD	0.646	-0.0574629821539887	0.0156125122892365
RLG_AinsBYU209_Ava_chr4D-156541_TSD	0.698	-0.0825004459980765	0.00800466625740581
RLG_AinsBYU209_Ava_chr4D-158081_TSD	0.431	-0.0503517739498973	0.0119881261747491
RLG_AinsBYU209_Ava_chr4D-158134_TSD	0.867	-0.0612264790206576	0.0125808438122587
RLG_AinsBYU209_Ava_chr4D-158362_TSD	0.767	-0.0329724214281674	-0.00260187970561219
RLG_AinsBYU209_Ava_chr4D-158930_TSD	0.852	-0.0342068447043137	0.00408786439424439
RLG_AinsBYU209_Ava_chr4D-159242_TSD	1.155	-0.0227665999510263	-0.0220578582390087
RLG_AinsBYU209_Ava_chr4D-159503_TSD	0.626	-0.0542640609946938	0.0127124398450565
RLG_AinsBYU209_Ava_chr4D-160115_TSD	1.037	-0.0954316876576992	-0.00445266951392615
RLG_AinsBYU209_Ava_chr4D-162082_TSD	0.914	-0.0843880906922997	0.0103523898284235
RLG_AinsBYU209_Ava_chr4D-166875_TSD	1.014	-0.0841548427184727	0.010255517206801
RLG_AinsBYU209_Ava_chr4D-167823_TSD	0.876	-0.035647106842922	0.0153412172128771
RLG_AinsBYU209_Ava_chr4D-168595_TSD	0.686	-0.0846680629855513	-0.00692668506519457
RLG_AinsBYU209_Ava_chr4D-170461_TSD	0.898	-0.093650981766251	0.00666197189257657
RLG_AinsBYU209_Ava_chr4D-227209_TSD	0.413	-0.0114687597807989	-0.00727900514623588
RLG_AinsBYU209_Ava_chr4D-291497_TSD	0.712	-0.0277506722943311	-0.00983914012172915
RLG_AinsBYU209_Ava_chr5D-143140_TSD	0.834	-0.0322664506131983	0.00479617208148722
RLG_AinsBYU209_Ava_chr5D-179984_TSD	0.67	-0.002486117373054	0.00755773150038715
RLG_AinsBYU209_Ava_chr5D-180014_TSD	0.565	-0.00258989702333704	-0.00239405568811237
RLG_AinsBYU209_Ava_chr5D-185428_TSD	0.792	-0.0342553738594828	0.0141288673768887
RLG_AinsBYU209_Ava_chr5D-185471_TSD	0.751	-0.0400185649562076	0.0140575505521093
RLG_AinsBYU209_Ava_chr6D-107054_TSD	0.774	-0.0544056198837213	0.0176193496201069
RLG_AinsBYU209_Ava_chr6D-216987_TSD	0.847	-0.0354523741070664	-0.00515100827973382
RLG_AinsBYU209_Ava_chr6D-217661_TSD	0.402	-0.0290088716474325	0.0158804994677468
RLG_AinsBYU209_Ava_chr6D-217851_TSD	0.67	-0.0182848582760468	-0.00240864961769522
RLG_AinsBYU209_Ava_chr6D-218250_TSD	0.578	-0.0289194783863683	0.0197740109648793
RLG_AinsBYU209_Ava_chr6D-219484_TSD	0.55	-0.0371434740577087	0.00558760409974862
RLG_AinsBYU209_Ava_chr6D-219849_TSD	0.526	-0.00898833843924356	0.00472881883646905
RLG_AinsBYU209_Ava_chr6D-220777_TSD	0.539	-0.00615150381341734	0.00840427469494295
RLG_AinsBYU209_Ava_chr6D-221083_TSD	1.114	-0.0284174440566746	0.000718995083210457
RLG_AinsBYU209_Ava_chr6D-221391_TSD	0.812	-0.0170193255306631	0.0200562806083193
RLG_AinsBYU209_Ava_chr6D-224090_TSD	0.784	-0.0106664166015878	-0.00833049011650965
RLG_AinsBYU209_Ava_chr7D-246138_TSD	0.394	-0.0227220512400216	9.02165825876942e-05
RLG_AinsBYU209_Ava_chr7D-246203_TSD	0.521	-0.0262475374175044	0.0156050862505179
RLG_AinsBYU209_Ava_chr7D-247090_TSD	0.471	-0.0344062326460771	-0.0010297647396767
RLG_AinsBYU209_Ava_chr7D-251533_TSD	0.56	-0.0334792304729878	0.011355806978981
RLG_AinsBYU209_Ava_chr7D-253456_TSD	0.809	-0.0493864073969029	-0.00630829830523487
RLG_AinsBYU209_Ava_chr7D-264506_TSD	1.27	-0.0272483365907185	0.0131687152200013
RLG_AinsBYU209_Ava_chr7D-342443_TSD	0.81	-0.0165679842590877	-0.00833324432475164
RLG_AinsBYU209_Ava_chr7D-396706_TSD	0.73	-0.0444484209197475	0.00713968532831291
RLG_AlonCN58138Al_Ava_chr1A-175289_TSD	0.452	-0.030081106330184	-0.00640280233370045
RLG_AlonCN58138Al_Ava_chr1A-189875_TSD	1.094	-0.0792241974966016	0.0138101536653683
RLG_AlonCN58138Al_Ava_chr1A-229055_TSD	1.074	-0.038312759927034	0.0136365379622537
RLG_AlonCN58138Al_Ava_chr1A-233308_TSD	1.101	-0.0668008864668023	0.00595186998063299
RLG_AlonCN58138Al_Ava_chr1A-234174_TSD	1.103	-0.0470401393931484	0.0124063268209113
RLG_AlonCN58138Al_Ava_chr1A-234709_TSD	0.956	-0.0545135608452077	0.00728609038199676
RLG_AlonCN58138Al_Ava_chr1A-237685_TSD	1.028	-0.0501698427919255	0.0216375964695414
RLG_AlonCN58138Al_Ava_chr1A-302386_TSD	1.459	-0.0284921652170196	0.015988512021257
RLG_AlonCN58138Al_Ava_chr1A-447127_TSD	0.683	-0.0240199944252799	-0.00676821759363437
RLG_AlonCN58138Al_Ava_chr2A-179917_TSD	1.165	-0.0726897389419515	-0.00523004743011234
RLG_AlonCN58138Al_Ava_chr2A-299815_TSD	0.51	-0.0287784714747631	-0.0177367292302383
RLG_AlonCN58138Al_Ava_chr2A-530130_TSD	0.856	-0.045658589580956	-0.00103026385419104
RLG_AlonCN58138Al_Ava_chr2A-554533_TSD	0.748	-0.0393628453306788	0.012307409383115
RLG_AlonCN58138Al_Ava_chr3A-262152_TSD	1.11	-0.0246111935836831	-0.0151529496802394
RLG_AlonCN58138Al_Ava_chr3A-269974_TSD	0.809	-0.0214855379998877	-0.017709532669457
RLG_AlonCN58138Al_Ava_chr3A-402028_TSD	0.745	-0.0137737060720327	-0.00218359729448936
RLG_AlonCN58138Al_Ava_chr4A-009042_TSD	0.972	-0.0243898256385781	0.00576882009123242
RLG_AlonCN58138Al_Ava_chr4A-145482_TSD	0.998	-0.0679843185025235	0.0126906617849402
RLG_AlonCN58138Al_Ava_chr4A-159929_TSD	0.63	-0.0682595177011842	0.0161477455062855
RLG_AlonCN58138Al_Ava_chr4A-161294_TSD	0.891	-0.055947967682099	0.0203957207432696
RLG_AlonCN58138Al_Ava_chr4A-165958_TSD	0.796	-0.0276865899574378	0.013088795331452
RLG_AlonCN58138Al_Ava_chr4A-166072_TSD	0.891	-0.0347508802158881	0.0132194940970856
RLG_AlonCN58138Al_Ava_chr4A-222595_TSD	0.871	-0.0389137695780616	0.015686685813025
RLG_AlonCN58138Al_Ava_chr4A-291122_TSD	0.727	-0.039112699528063	0.00637428171928409
RLG_AlonCN58138Al_Ava_chr4A-294862_TSD	1.072	-0.0280252226028784	0.00648076193934063
RLG_AlonCN58138Al_Ava_chr5A-129818_TSD	0.723	-0.0548911324220861	0.00836266343946133
RLG_AlonCN58138Al_Ava_chr5A-283677_TSD	1.21	-0.0506285742261368	9.92516196441901e-05
RLG_AlonCN58138Al_Ava_chr5A-289425_TSD	0.953	-0.0341151873098951	-0.0155178092387373
RLG_AlonCN58138Al_Ava_chr5A-352303_TSD	1.405	-0.0691239555657757	0.0100804807929947
RLG_AlonCN58138Al_Ava_chr5A-560428_TSD	0.774	-0.065914001779056	0.01706860381874
RLG_AlonCN58138Al_Ava_chr6A-203202_TSD	0.728	-0.019663623103112	-0.00108779139419852
RLG_AlonCN58138Al_Ava_chr6A-203972_TSD	0.848	-0.0234958867994498	-0.0176956839826499
RLG_AlonCN58138Al_Ava_chr6A-206638_TSD	0.468	-0.030139603720854	0.00926199186618415
RLG_AlonCN58138Al_Ava_chr7A-081664_TSD	0.562	-0.0519014862161865	0.012828737362996
RLG_AlonCN58138Al_Ava_chr7A-168505_TSD	1.191	-0.0281817390026544	-0.0353922775069719
RLG_AlonCN58138Al_Ava_chr7A-316422_TSD	1.494	-0.0303055466328287	-0.005349303350544
RLG_AlonCN58138Al_Ava_chr7A-318405_TSD	1.038	-0.0146201601078729	-0.00495018744245695
RLG_AlonCN58138Al_Ava_chr7A-497526_TSD	0.872	-0.0482967485045762	0.00143180698754053
RLG_AsatOT3098_Ava_chr1A-108421_TSD	1.083	-0.0742745632084345	0.0111990590315991
RLG_AsatOT3098_Ava_chr1A-140565_TSD	0.78	-0.0644705892720468	0.0164998937507922
RLG_AsatOT3098_Ava_chr1A-141930_TSD	0.93	-0.0677087297032122	0.0159683368947623
RLG_AsatOT3098_Ava_chr1A-153192_TSD	0.647	-0.0449534842446481	0.0158489724847148
RLG_AsatOT3098_Ava_chr1A-210686_TSD	0.909	-0.0323829782854375	0.0166756685499625
RLG_AsatOT3098_Ava_chr1A-391391_TSD	0.432	-0.0389286870378874	0.00250752955861578
RLG_AsatOT3098_Ava_chr1D-128971_TSD	1.277	-0.0185841702020021	0.000560862206828495
RLG_AsatOT3098_Ava_chr1D-145789_TSD	0.793	0.00415763685006929	-0.0244504299878043
RLG_AsatOT3098_Ava_chr1D-145979_TSD	1.48	-0.00205186243149932	-0.00765605333712905
RLG_AsatOT3098_Ava_chr1D-146091_TSD	0.806	-0.0272251464084036	0.0187103956416363
RLG_AsatOT3098_Ava_chr1D-148494_TSD	0.709	-0.0311528111399527	0.00644741123065062
RLG_AsatOT3098_Ava_chr2A-155922_TSD	0.536	-0.0226491792575089	-0.00672701509007712
RLG_AsatOT3098_Ava_chr2A-164962_TSD	0.791	-0.0262838279337009	0.00186205092917512
RLG_AsatOT3098_Ava_chr2A-280541_TSD	0.591	-0.0426775906804777	0.0112612118581356
RLG_AsatOT3098_Ava_chr2D-110739_TSD	0.813	-0.056347637084262	0.0200799424084438
RLG_AsatOT3098_Ava_chr2D-124669_TSD	0.645	-0.0248016180714419	0.0106613746454736
RLG_AsatOT3098_Ava_chr2D-366952_TSD	0.838	-0.0242315024822158	-0.0220144454732164
RLG_AsatOT3098_Ava_chr2D-367282_TSD	1.029	-0.0291811536298574	0.00907767253813395
RLG_AsatOT3098_Ava_chr2D-368517_TSD	0.826	-0.00801342482458199	0.00351577307579309
RLG_AsatOT3098_Ava_chr2D-368770_TSD	0.629	-0.020336486488066	-0.00261068564669276
RLG_AsatOT3098_Ava_chr2D-369198_TSD	0.753	-0.00673601019080804	0.000516452851784623
RLG_AsatOT3098_Ava_chr2D-369344_TSD	0.554	-0.0106863609649903	0.00658710124967971
RLG_AsatOT3098_Ava_chr2D-369970_TSD	0.71	-0.01644827489349	0.0109528180097879
RLG_AsatOT3098_Ava_chr2D-370788_TSD	0.89	-0.0360218149615683	-0.00488168696800266
RLG_AsatOT3098_Ava_chr2D-370976_TSD	0.282	-0.0168513592685855	-0.0180672228628499
RLG_AsatOT3098_Ava_chr2D-371141_TSD	0.391	-0.0267662217062112	0.00661962194152355
RLG_AsatOT3098_Ava_chr2D-371378_TSD	0.617	-0.0425425443300571	0.0151701061587285
RLG_AsatOT3098_Ava_chr2D-372313_TSD	1.31	-0.00321858055930057	-0.00868277423155907
RLG_AsatOT3098_Ava_chr2D-374389_TSD	0.847	-0.0434945702077281	0.0019644241657293
RLG_AsatOT3098_Ava_chr2D-375588_TSD	0.883	-0.0121758032871916	0.0144195743553788
RLG_AsatOT3098_Ava_chr2D-380820_TSD	0.306	-0.0429111972411299	-0.000958133429566455
RLG_AsatOT3098_Ava_chr3A-110316_TSD	0.769	-0.0245858514847743	0.00259662460782378
RLG_AsatOT3098_Ava_chr3A-240607_TSD	0.791	-0.0303149074376551	-0.0224805187289821
RLG_AsatOT3098_Ava_chr3A-240860_TSD	0.711	-0.0493875299181365	-0.0122589133017236
RLG_AsatOT3098_Ava_chr3A-241239_TSD	0.491	-0.0200806848098555	0.000523734300221506
RLG_AsatOT3098_Ava_chr3A-243365_TSD	0.551	-0.0163469984536442	-0.0198835261114672
RLG_AsatOT3098_Ava_chr3A-259800_TSD	0.709	-0.0429939980092808	-0.0281655393233158
RLG_AsatOT3098_Ava_chr3A-362633_TSD	1.207	-0.0382913200782094	0.0128619161051756
RLG_AsatOT3098_Ava_chr3D-066740_TSD	0.788	-0.0423363158712561	-0.012730603731884
RLG_AsatOT3098_Ava_chr3D-202109_TSD	0.673	-0.0180031646294346	-0.0114858597717142
RLG_AsatOT3098_Ava_chr3D-202602_TSD	0.578	-0.00943030729065504	-0.00691767758398426
RLG_AsatOT3098_Ava_chr3D-202944_TSD	0.766	-0.0545151577377684	0.0165527512656542
RLG_AsatOT3098_Ava_chr3D-203505_TSD	0.578	-0.0170592273988796	0.0138466846752579
RLG_AsatOT3098_Ava_chr3D-204747_TSD	0.695	-0.0166333449436852	0.01335917798018
RLG_AsatOT3098_Ava_chr3D-205072_TSD	0.67	-0.0226353012103393	0.0146918020412175
RLG_AsatOT3098_Ava_chr3D-205296_TSD	0.733	-0.0227720397230845	0.0187701152481781
RLG_AsatOT3098_Ava_chr3D-205443_TSD	0.947	-0.0216930051629076	0.0121287535262987
RLG_AsatOT3098_Ava_chr3D-206422_TSD	0.357	-0.0137497450730171	0.0134152067636927
RLG_AsatOT3098_Ava_chr3D-206475_TSD	0.647	-0.0147837378896998	0.0119333073778049
RLG_AsatOT3098_Ava_chr3D-206523_TSD	0.729	-0.00375044483341707	0.00357047064548013
RLG_AsatOT3098_Ava_chr3D-206628_TSD	0.776	-0.0205938449624718	0.0177303246637163
RLG_AsatOT3098_Ava_chr3D-207016_TSD	0.752	-0.0146283530279901	0.0172907789770587
RLG_AsatOT3098_Ava_chr3D-207518_TSD	0.793	-0.00566138875781752	0.00686728693193586
RLG_AsatOT3098_Ava_chr3D-319354_TSD	0.634	-0.0157425469979245	0.000442318572557369
RLG_AsatOT3098_Ava_chr4A-101868_TSD	1.011	-0.0635255227555899	0.00588422220467712
RLG_AsatOT3098_Ava_chr4A-123773_TSD	0.565	-0.069313678679106	0.010293327193111
RLG_AsatOT3098_Ava_chr4A-344028_TSD	0.593	-0.0585257919087897	0.00788240010092878
RLG_AsatOT3098_Ava_chr4A-409636_TSD	0.577	-0.0571937792825112	0.00929131953534066
RLG_AsatOT3098_Ava_chr4A-432026_TSD	0.384	-0.0375679858939542	-0.0191676322428746
RLG_AsatOT3098_Ava_chr4D-089298_TSD	0.501	-0.0319576207853555	0.00265194331944255
RLG_AsatOT3098_Ava_chr4D-099437_TSD	0.888	-0.0659353665772227	0.00602712151289797
RLG_AsatOT3098_Ava_chr4D-120901_TSD	1.345	-0.0476238218912406	-0.0300557888502055
RLG_AsatOT3098_Ava_chr4D-147748_TSD	1.224	-0.0766468165000721	-0.0113247588809137
RLG_AsatOT3098_Ava_chr4D-152241_TSD	0.603	-0.0555635320992678	0.0176126791243298
RLG_AsatOT3098_Ava_chr4D-154386_TSD	0.7	-0.0812834502609858	0.00853726004594006
RLG_AsatOT3098_Ava_chr4D-156014_TSD	0.736	-0.0352991266722281	0.00424697752163555
RLG_AsatOT3098_Ava_chr4D-156047_TSD	1.037	-0.0856513159237967	-0.000790090121749694
RLG_AsatOT3098_Ava_chr4D-156677_TSD	0.471	-0.0509145092216683	0.0108107833046473
RLG_AsatOT3098_Ava_chr4D-156730_TSD	0.785	-0.0608537991651648	0.0122535387469274
RLG_AsatOT3098_Ava_chr4D-157243_TSD	0.685	-0.0372441249693342	0.0174496808824154
RLG_AsatOT3098_Ava_chr4D-157261_TSD	0.392	-0.0373505945538528	-0.0337602146620457
RLG_AsatOT3098_Ava_chr4D-157289_TSD	0.562	-0.0316577712399245	0.00102056090458379
RLG_AsatOT3098_Ava_chr4D-157438_TSD	0.581	-0.0225039946870895	-0.0297534914708309
RLG_AsatOT3098_Ava_chr4D-158287_TSD	0.322	-0.0502585229341743	0.00768203889253928
RLG_AsatOT3098_Ava_chr4D-160644_TSD	0.921	-0.0838704198608422	0.0107804165219968
RLG_AsatOT3098_Ava_chr4D-165396_TSD	0.71	-0.0843715955987015	0.00975915352082592
RLG_AsatOT3098_Ava_chr4D-167086_TSD	0.606	-0.0821794051871112	-0.00722582837280194
RLG_AsatOT3098_Ava_chr4D-169470_TSD	0.832	-0.0938977726103179	0.000537738849879907
RLG_AsatOT3098_Ava_chr4D-279917_TSD	0.673	-0.0369782760636712	-0.0198918498907172
RLG_AsatOT3098_Ava_chr4D-409177_TSD	0.526	-0.00508885990026293	-0.00846071283211614
RLG_AsatOT3098_Ava_chr5A-209221_TSD	0.927	-0.0345074393354895	-0.0024047099485445
RLG_AsatOT3098_Ava_chr5A-219145_TSD	0.793	-0.0727019560838633	0.00185451831238362
RLG_AsatOT3098_Ava_chr5A-221835_TSD	0.751	-0.0491427412123955	-0.0216192935811018
RLG_AsatOT3098_Ava_chr5A-221987_TSD	1.34	-0.0478017180454649	-0.0117081862026857
RLG_AsatOT3098_Ava_chr5A-222044_TSD	0.829	-0.0374031124889994	0.0183931112558635
RLG_AsatOT3098_Ava_chr5A-222285_TSD	1.06	-0.0314037281946376	-0.0116367882367833
RLG_AsatOT3098_Ava_chr5A-222568_TSD	1.104	-0.0398556725514029	-0.0125605042860316
RLG_AsatOT3098_Ava_chr5A-222612_TSD	0.766	-0.0610778688702169	-0.00584641869081846
RLG_AsatOT3098_Ava_chr5A-223003_TSD	0.914	-0.0360739093753023	0.00777101905349373
RLG_AsatOT3098_Ava_chr5A-236075_TSD	0.769	-0.0410288448789009	-0.00541017753644784
RLG_AsatOT3098_Ava_chr5A-272915_TSD	0.633	-0.0321378584810514	-0.0160535872692826
RLG_AsatOT3098_Ava_chr5A-391329_TSD	0.674	-0.0441282697877082	-0.00410124419882239
RLG_AsatOT3098_Ava_chr5A-405951_TSD	1.009	-0.067682009191087	0.00637599962462167
RLG_AsatOT3098_Ava_chr5D-150253_TSD	0.834	-0.0327004935758989	0.00515368366710555
RLG_AsatOT3098_Ava_chr5D-188856_TSD	0.633	-0.00371594187250765	-0.00242960404582236
RLG_AsatOT3098_Ava_chr5D-190115_TSD	0.445	0.00628008276253704	-0.00540570716413349
RLG_AsatOT3098_Ava_chr5D-191552_TSD	0.472	-0.00285319655597937	0.00581814746394638
RLG_AsatOT3098_Ava_chr5D-192352_TSD	0.971	-0.00317233825387228	0.00614096673707533
RLG_AsatOT3098_Ava_chr5D-192414_TSD	0.671	-0.00572050475968884	0.0015218088253447
RLG_AsatOT3098_Ava_chr5D-192497_TSD	0.528	0.00393389886640115	-0.012375739898905
RLG_AsatOT3098_Ava_chr5D-196995_TSD	0.552	-0.0348508998427088	0.0165154885777426
RLG_AsatOT3098_Ava_chr5D-197030_TSD	1.078	-0.0385413015633432	0.0123009417904037
RLG_AsatOT3098_Ava_chr5D-206657_TSD	1.33	-0.0373629001143741	0.0126893351814866
RLG_AsatOT3098_Ava_chr6A-135269_TSD	0.59	-0.0305910612203428	-0.00656116827842644
RLG_AsatOT3098_Ava_chr6A-135945_TSD	0.729	-0.0383012107232599	0.0113356373471372
RLG_AsatOT3098_Ava_chr6A-136972_TSD	0.685	-0.0265940671482444	-0.0010076994221891
RLG_AsatOT3098_Ava_chr6A-137328_TSD	0.501	-0.024575323100865	-0.00368184338684426
RLG_AsatOT3098_Ava_chr6A-137354_TSD	0.422	-0.0369120833297308	-0.0144939371382854
RLG_AsatOT3098_Ava_chr6A-142389_TSD	0.592	-0.0018238948256847	-0.00901488849004938
RLG_AsatOT3098_Ava_chr6A-297197_TSD	0.989	-0.072918969720069	0.0107845251895403
RLG_AsatOT3098_Ava_chr6A-344771_TSD	0.753	-0.0208865513151098	0.0137459834630158
RLG_AsatOT3098_Ava_chr6D-097606_TSD	1.157	-0.0415813760177573	-0.00881820346106852
RLG_AsatOT3098_Ava_chr6D-098562_TSD	0.454	-0.0273584822984035	0.0072684404601537
RLG_AsatOT3098_Ava_chr6D-098727_TSD	0.829	-0.0247627228529961	0.0157574582862841
RLG_AsatOT3098_Ava_chr6D-099226_TSD	0.812	-0.00767849606321077	-0.0280968908257044
RLG_AsatOT3098_Ava_chr6D-099602_TSD	0.471	-0.020790171785871	0.00664072448139506
RLG_AsatOT3098_Ava_chr6D-099844_TSD	0.237	-0.0290316910184877	0.0181853599791304
RLG_AsatOT3098_Ava_chr6D-100021_TSD	0.917	-0.0241893082439282	-0.0259606661252448
RLG_AsatOT3098_Ava_chr6D-101307_TSD	0.55	-0.0241657024394736	-0.0140057557735514
RLG_AsatOT3098_Ava_chr6D-101548_TSD	0.748	-0.017499397010244	-0.0026088593948368
RLG_AsatOT3098_Ava_chr6D-102717_TSD	0.671	-0.0223819542540896	-0.00141400993435651
RLG_AsatOT3098_Ava_chr6D-102898_TSD	0.423	-0.011992120444722	0.00656703644065941
RLG_AsatOT3098_Ava_chr6D-106087_TSD	0.511	-0.0114006895477625	0.013490168927483
RLG_AsatOT3098_Ava_chr7A-067685_TSD	0.355	0.000556247492952927	-0.0115570986922769
RLG_AsatOT3098_Ava_chr7A-068652_TSD	0.99	-0.0476081490383414	0.0116297443968943
RLG_AsatOT3098_Ava_chr7A-108159_TSD	0.782	-0.0608836737212957	0.00324638045897129
RLG_AsatOT3098_Ava_chr7A-329780_TSD	0.625	-0.0308496455189682	-0.0236426064134279
RLG_AsatOT3098_Ava_chr7D-219484_TSD	0.715	-0.0222780011555815	0.000844713825594413
RLG_AsatOT3098_Ava_chr7D-219548_TSD	0.67	-0.0245514848336759	0.0177826389541525
RLG_AsatOT3098_Ava_chr7D-220448_TSD	0.844	-0.0346310978649535	0.00135232903293407
RLG_AsatOT3098_Ava_chr7D-223390_TSD	1.031	-0.0542139108086244	0.0200025323729058
RLG_AsatOT3098_Ava_chr7D-225709_TSD	0.793	-0.0192734009464787	-0.00883023723401559
RLG_AsatOT3098_Ava_chr7D-227540_TSD	0.563	-0.0257554567164416	0.0156657283523269
RLG_AsatOT3098_Ava_chr7D-230634_TSD	0.891	-0.0483010440568538	-0.016523471280794
RLG_AsatOT3098_Ava_chr7D-230849_TSD	0.47	-0.0291532315335038	0.0192463278347485
RLG_AsatOT3098_Ava_chr7D-242461_TSD	1.101	-0.0285422029511118	0.0155621776942537
RLG_AsatOT3098_Ava_chr7D-321507_TSD	1.224	-0.019664441334664	-0.000153376214515161
RLG_AsatOT3098_Ava_chr7D-377669_TSD	0.812	-0.0451204524764965	0.0110562775687926
